24.735426 46.702805
24.735426 46.702805
24.735426 46.702805
24.735426 46.702805
24.735426 46.702805
24.735426 46.702805
24.735426 46.702805
24.735426 46.702805
24.735426 46.702805
24.735426 46.702805
24.735426 46.702805
24.735426 46.702805
24.735426 46.702805
24.735426 46.702805
24.735426 46.702805
24.735426 46.702805
24.735426 46.702805
24.735426 46.702805
24.735426 46.702805
24.735426 46.702805
24.735426 46.702805
24.735426 46.702805
24.735426 46.702805
24.735426 46.702805
24.735426 46.702805
24.735426 46.702805
24.735426 46.702805
24.735426 46.702805
24.735426 46.702805
24.735426 46.702805
24.735426 46.702805
24.735426 46.702805
24.735426 46.702805
24.735426 46.702805
24.735426 46.702805
24.735426 46.702805
24.735426 46.702805
24.735426 46.702805
24.735426 46.702805
24.735426 46.702805
24.735426 46.702805
24.735426 46.702805
24.735426 46.702805
24.735426 46.702805
24.735426 46.702805
24.735426 46.702805
24.735426 46.702805
24.735426 46.702805
24.735426 46.702805
24.735426 46.702805
24.735426 46.702805
24.735426 46.702805
24.735426 46.702805
24.735426 46.702805
24.735426 46.702805
24.735426 46.702805
24.735426 46.702805
24.735426 46.702805
24.735426 46.702805
24.735426 46.702805
24.735426 46.702805
24.735426 46.702805
24.735422 46.702805
24.735422 46.702805
24.735422 46.702805
24.735422 46.702805
24.735422 46.702805
24.735422 46.702805
24.735420 46.702797
24.735420 46.702797
24.735420 46.702797
24.735420 46.702797
24.735420 46.702797
24.735420 46.702797
24.735415 46.702789
24.735415 46.702789
24.735415 46.702789
24.735415 46.702789
24.735415 46.702789
24.735415 46.702789
24.735415 46.702789
24.735409 46.702774
24.735409 46.702774
24.735409 46.702774
24.735409 46.702774
24.735409 46.702774
24.735409 46.702774
24.735403 46.702755
24.735403 46.702755
24.735403 46.702755
24.735403 46.702755
24.735403 46.702755
24.735403 46.702755
24.735395 46.702736
24.735395 46.702736
24.735395 46.702736
24.735395 46.702736
24.735395 46.702736
24.735395 46.702736
24.735395 46.702736
24.735388 46.702713
24.735388 46.702713
24.735388 46.702713
24.735388 46.702713
24.735388 46.702713
24.735388 46.702713
24.735378 46.702690
24.735378 46.702690
24.735378 46.702690
24.735378 46.702690
24.735378 46.702690
24.735378 46.702690
24.735378 46.702690
24.735369 46.702667
24.735369 46.702667
24.735369 46.702667
24.735369 46.702667
24.735369 46.702667
24.735369 46.702667
24.735359 46.702641
24.735359 46.702641
24.735359 46.702641
24.735359 46.702641
24.735359 46.702641
24.735359 46.702641
24.735350 46.702610
24.735350 46.702610
24.735350 46.702610
24.735350 46.702610
24.735350 46.702610
24.735350 46.702610
24.735350 46.702610
24.735338 46.702583
24.735338 46.702583
24.735338 46.702583
24.735338 46.702583
24.735338 46.702583
24.735338 46.702583
24.735327 46.702553
24.735327 46.702553
24.735327 46.702553
24.735327 46.702553
24.735327 46.702553
24.735327 46.702553
24.735315 46.702522
24.735315 46.702522
24.735315 46.702522
24.735315 46.702522
24.735315 46.702522
24.735315 46.702522
24.735315 46.702522
24.735304 46.702488
24.735304 46.702488
24.735304 46.702488
24.735304 46.702488
24.735304 46.702488
24.735304 46.702488
24.735291 46.702454
24.735291 46.702454
24.735291 46.702454
24.735291 46.702454
24.735291 46.702454
24.735291 46.702454
24.735291 46.702454
24.735279 46.702419
24.735279 46.702419
24.735279 46.702419
24.735279 46.702419
24.735279 46.702419
24.735279 46.702419
24.735264 46.702385
24.735264 46.702385
24.735264 46.702385
24.735264 46.702385
24.735264 46.702385
24.735264 46.702385
24.735250 46.702347
24.735250 46.702347
24.735250 46.702347
24.735250 46.702347
24.735250 46.702347
24.735250 46.702347
24.735250 46.702347
24.735237 46.702309
24.735237 46.702309
24.735237 46.702309
24.735237 46.702309
24.735237 46.702309
24.735237 46.702309
24.735222 46.702267
24.735222 46.702267
24.735222 46.702267
24.735222 46.702267
24.735222 46.702267
24.735222 46.702267
24.735209 46.702225
24.735209 46.702225
24.735209 46.702225
24.735209 46.702225
24.735209 46.702225
24.735209 46.702225
24.735209 46.702225
24.735191 46.702187
24.735191 46.702187
24.735191 46.702187
24.735191 46.702187
24.735191 46.702187
24.735191 46.702187
24.735176 46.702145
24.735176 46.702145
24.735176 46.702145
24.735176 46.702145
24.735176 46.702145
24.735176 46.702145
24.735176 46.702145
24.735159 46.702103
24.735159 46.702103
24.735159 46.702103
24.735159 46.702103
24.735159 46.702103
24.735159 46.702103
24.735140 46.702061
24.735140 46.702061
24.735140 46.702061
24.735140 46.702061
24.735140 46.702061
24.735140 46.702061
24.735123 46.702015
24.735123 46.702015
24.735123 46.702015
24.735123 46.702015
24.735123 46.702015
24.735123 46.702015
24.735123 46.702015
24.735107 46.701969
24.735107 46.701969
24.735107 46.701969
24.735107 46.701969
24.735107 46.701969
24.735107 46.701969
24.735090 46.701923
24.735090 46.701923
24.735090 46.701923
24.735090 46.701923
24.735090 46.701923
24.735090 46.701923
24.735075 46.701878
24.735075 46.701878
24.735075 46.701878
24.735075 46.701878
24.735075 46.701878
24.735075 46.701878
24.735075 46.701878
24.735058 46.701832
24.735058 46.701832
24.735058 46.701832
24.735058 46.701832
24.735058 46.701832
24.735058 46.701832
24.735041 46.701782
24.735041 46.701782
24.735041 46.701782
24.735041 46.701782
24.735041 46.701782
24.735041 46.701782
24.735041 46.701782
24.735022 46.701736
24.735022 46.701736
24.735022 46.701736
24.735022 46.701736
24.735022 46.701736
24.735022 46.701736
24.735003 46.701687
24.735003 46.701687
24.735003 46.701687
24.735003 46.701687
24.735003 46.701687
24.735003 46.701687
24.734982 46.701641
24.734982 46.701641
24.734982 46.701641
24.734982 46.701641
24.734982 46.701641
24.734982 46.701641
24.734982 46.701641
24.734959 46.701591
24.734959 46.701591
24.734959 46.701591
24.734959 46.701591
24.734959 46.701591
24.734959 46.701591
24.734936 46.701542
24.734936 46.701542
24.734936 46.701542
24.734936 46.701542
24.734936 46.701542
24.734936 46.701542
24.734913 46.701492
24.734913 46.701492
24.734913 46.701492
24.734913 46.701492
24.734913 46.701492
24.734913 46.701492
24.734913 46.701492
24.734890 46.701443
24.734890 46.701443
24.734890 46.701443
24.734890 46.701443
24.734890 46.701443
24.734890 46.701443
24.734867 46.701389
24.734867 46.701389
24.734867 46.701389
24.734867 46.701389
24.734867 46.701389
24.734867 46.701389
24.734867 46.701389
24.734844 46.701336
24.734844 46.701336
24.734844 46.701336
24.734844 46.701336
24.734844 46.701336
24.734844 46.701336
24.734821 46.701283
24.734821 46.701283
24.734821 46.701283
24.734821 46.701283
24.734821 46.701283
24.734821 46.701283
24.734798 46.701225
24.734798 46.701225
24.734798 46.701225
24.734798 46.701225
24.734798 46.701225
24.734798 46.701225
24.734798 46.701225
24.734777 46.701172
24.734777 46.701172
24.734777 46.701172
24.734777 46.701172
24.734777 46.701172
24.734777 46.701172
24.734755 46.701115
24.734755 46.701115
24.734755 46.701115
24.734755 46.701115
24.734755 46.701115
24.734755 46.701115
24.734732 46.701057
24.734732 46.701057
24.734732 46.701057
24.734732 46.701057
24.734732 46.701057
24.734732 46.701057
24.734732 46.701057
24.734709 46.701004
24.734709 46.701004
24.734709 46.701004
24.734709 46.701004
24.734709 46.701004
24.734709 46.701004
24.734686 46.700947
24.734686 46.700947
24.734686 46.700947
24.734686 46.700947
24.734686 46.700947
24.734686 46.700947
24.734661 46.700893
24.734661 46.700893
24.734661 46.700893
24.734661 46.700893
24.734661 46.700893
24.734661 46.700893
24.734661 46.700893
24.734636 46.700836
24.734636 46.700836
24.734636 46.700836
24.734636 46.700836
24.734636 46.700836
24.734636 46.700836
24.734612 46.700779
24.734612 46.700779
24.734612 46.700779
24.734612 46.700779
24.734612 46.700779
24.734612 46.700779
24.734612 46.700779
24.734587 46.700722
24.734587 46.700722
24.734587 46.700722
24.734587 46.700722
24.734587 46.700722
24.734587 46.700722
24.734562 46.700665
24.734562 46.700665
24.734562 46.700665
24.734562 46.700665
24.734562 46.700665
24.734562 46.700665
24.734537 46.700603
24.734537 46.700603
24.734537 46.700603
24.734537 46.700603
24.734537 46.700603
24.734537 46.700603
24.734537 46.700603
24.734518 46.700546
24.734518 46.700546
24.734518 46.700546
24.734518 46.700546
24.734518 46.700546
24.734518 46.700546
24.734501 46.700493
24.734501 46.700493
24.734501 46.700493
24.734501 46.700493
24.734501 46.700493
24.734501 46.700493
24.734486 46.700439
24.734486 46.700439
24.734486 46.700439
24.734486 46.700439
24.734486 46.700439
24.734486 46.700439
24.734486 46.700439
24.734472 46.700394
24.734472 46.700394
24.734472 46.700394
24.734472 46.700394
24.734472 46.700394
24.734472 46.700394
24.734463 46.700352
24.734463 46.700352
24.734463 46.700352
24.734463 46.700352
24.734463 46.700352
24.734463 46.700352
24.734463 46.700352
24.734459 46.700314
24.734459 46.700314
24.734459 46.700314
24.734459 46.700314
24.734459 46.700314
24.734459 46.700314
24.734453 46.700279
24.734453 46.700279
24.734453 46.700279
24.734453 46.700279
24.734453 46.700279
24.734453 46.700279
24.734442 46.700249
24.734442 46.700249
24.734442 46.700249
24.734442 46.700249
24.734442 46.700249
24.734442 46.700249
24.734442 46.700249
24.734426 46.700230
24.734426 46.700230
24.734426 46.700230
24.734426 46.700230
24.734426 46.700230
24.734426 46.700230
24.734411 46.700222
24.734411 46.700222
24.734411 46.700222
24.734411 46.700222
24.734411 46.700222
24.734411 46.700222
24.734398 46.700222
24.734398 46.700222
24.734398 46.700222
24.734398 46.700222
24.734398 46.700222
24.734398 46.700222
24.734398 46.700222
24.734386 46.700226
24.734386 46.700226
24.734386 46.700226
24.734386 46.700226
24.734386 46.700226
24.734386 46.700226
24.734377 46.700233
24.734377 46.700233
24.734377 46.700233
24.734377 46.700233
24.734377 46.700233
24.734377 46.700233
24.734369 46.700245
24.734369 46.700245
24.734369 46.700245
24.734369 46.700245
24.734369 46.700245
24.734369 46.700245
24.734369 46.700245
24.734367 46.700256
24.734367 46.700256
24.734367 46.700256
24.734367 46.700256
24.734367 46.700256
24.734367 46.700256
24.734367 46.700272
24.734367 46.700272
24.734367 46.700272
24.734367 46.700272
24.734367 46.700272
24.734367 46.700272
24.734367 46.700272
24.734373 46.700287
24.734373 46.700287
24.734373 46.700287
24.734373 46.700287
24.734373 46.700287
24.734373 46.700287
24.734381 46.700306
24.734381 46.700306
24.734381 46.700306
24.734381 46.700306
24.734381 46.700306
24.734381 46.700306
24.734388 46.700329
24.734388 46.700329
24.734388 46.700329
24.734388 46.700329
24.734388 46.700329
24.734388 46.700329
24.734388 46.700329
24.734400 46.700352
24.734400 46.700352
24.734400 46.700352
24.734400 46.700352
24.734400 46.700352
24.734400 46.700352
24.734409 46.700378
24.734409 46.700378
24.734409 46.700378
24.734409 46.700378
24.734409 46.700378
24.734409 46.700378
24.734423 46.700409
24.734423 46.700409
24.734423 46.700409
24.734423 46.700409
24.734423 46.700409
24.734423 46.700409
24.734423 46.700409
24.734436 46.700439
24.734436 46.700439
24.734436 46.700439
24.734436 46.700439
24.734436 46.700439
24.734436 46.700439
24.734447 46.700470
24.734447 46.700470
24.734447 46.700470
24.734447 46.700470
24.734447 46.700470
24.734447 46.700470
24.734447 46.700470
24.734463 46.700504
24.734463 46.700504
24.734463 46.700504
24.734463 46.700504
24.734463 46.700504
24.734463 46.700504
24.734476 46.700539
24.734476 46.700539
24.734476 46.700539
24.734476 46.700539
24.734476 46.700539
24.734476 46.700539
24.734491 46.700573
24.734491 46.700573
24.734491 46.700573
24.734491 46.700573
24.734491 46.700573
24.734491 46.700573
24.734491 46.700573
24.734509 46.700607
24.734509 46.700607
24.734509 46.700607
24.734509 46.700607
24.734509 46.700607
24.734509 46.700607
24.734524 46.700645
24.734524 46.700645
24.734524 46.700645
24.734524 46.700645
24.734524 46.700645
24.734524 46.700645
24.734543 46.700684
24.734543 46.700684
24.734543 46.700684
24.734543 46.700684
24.734543 46.700684
24.734543 46.700684
24.734543 46.700684
24.734562 46.700722
24.734562 46.700722
24.734562 46.700722
24.734562 46.700722
24.734562 46.700722
24.734562 46.700722
24.734581 46.700760
24.734581 46.700760
24.734581 46.700760
24.734581 46.700760
24.734581 46.700760
24.734581 46.700760
24.734604 46.700798
24.734604 46.700798
24.734604 46.700798
24.734604 46.700798
24.734604 46.700798
24.734604 46.700798
24.734604 46.700798
24.734625 46.700836
24.734625 46.700836
24.734625 46.700836
24.734625 46.700836
24.734625 46.700836
24.734625 46.700836
24.734646 46.700874
24.734646 46.700874
24.734646 46.700874
24.734646 46.700874
24.734646 46.700874
24.734646 46.700874
24.734646 46.700874
24.734663 46.700912
24.734663 46.700912
24.734663 46.700912
24.734663 46.700912
24.734663 46.700912
24.734663 46.700912
24.734680 46.700954
24.734680 46.700954
24.734680 46.700954
24.734680 46.700954
24.734680 46.700954
24.734680 46.700954
24.734697 46.700996
24.734697 46.700996
24.734697 46.700996
24.734697 46.700996
24.734697 46.700996
24.734697 46.700996
24.734697 46.700996
24.734713 46.701038
24.734713 46.701038
24.734713 46.701038
24.734713 46.701038
24.734713 46.701038
24.734713 46.701038
24.734728 46.701084
24.734728 46.701084
24.734728 46.701084
24.734728 46.701084
24.734728 46.701084
24.734728 46.701084
24.734743 46.701126
24.734743 46.701126
24.734743 46.701126
24.734743 46.701126
24.734743 46.701126
24.734743 46.701126
24.734743 46.701126
24.734758 46.701168
24.734758 46.701168
24.734758 46.701168
24.734758 46.701168
24.734758 46.701168
24.734758 46.701168
24.734774 46.701214
24.734774 46.701214
24.734774 46.701214
24.734774 46.701214
24.734774 46.701214
24.734774 46.701214
24.734774 46.701214
24.734791 46.701256
24.734791 46.701256
24.734791 46.701256
24.734791 46.701256
24.734791 46.701256
24.734791 46.701256
24.734806 46.701302
24.734806 46.701302
24.734806 46.701302
24.734806 46.701302
24.734806 46.701302
24.734806 46.701302
24.734823 46.701344
24.734823 46.701344
24.734823 46.701344
24.734823 46.701344
24.734823 46.701344
24.734823 46.701344
24.734823 46.701344
24.734842 46.701389
24.734842 46.701389
24.734842 46.701389
24.734842 46.701389
24.734842 46.701389
24.734842 46.701389
24.734861 46.701431
24.734861 46.701431
24.734861 46.701431
24.734861 46.701431
24.734861 46.701431
24.734861 46.701431
24.734880 46.701477
24.734880 46.701477
24.734880 46.701477
24.734880 46.701477
24.734880 46.701477
24.734880 46.701477
24.734880 46.701477
24.734898 46.701523
24.734898 46.701523
24.734898 46.701523
24.734898 46.701523
24.734898 46.701523
24.734898 46.701523
24.734917 46.701569
24.734917 46.701569
24.734917 46.701569
24.734917 46.701569
24.734917 46.701569
24.734917 46.701569
24.734917 46.701569
24.734936 46.701614
24.734936 46.701614
24.734936 46.701614
24.734936 46.701614
24.734936 46.701614
24.734936 46.701614
24.734955 46.701660
24.734955 46.701660
24.734955 46.701660
24.734955 46.701660
24.734955 46.701660
24.734955 46.701660
24.734974 46.701706
24.734974 46.701706
24.734974 46.701706
24.734974 46.701706
24.734974 46.701706
24.734974 46.701706
24.734974 46.701706
24.734993 46.701756
24.734993 46.701756
24.734993 46.701756
24.734993 46.701756
24.734993 46.701756
24.734993 46.701756
24.735012 46.701801
24.735012 46.701801
24.735012 46.701801
24.735012 46.701801
24.735012 46.701801
24.735012 46.701801
24.735031 46.701851
24.735031 46.701851
24.735031 46.701851
24.735031 46.701851
24.735031 46.701851
24.735031 46.701851
24.735031 46.701851
24.735050 46.701904
24.735050 46.701904
24.735050 46.701904
24.735050 46.701904
24.735050 46.701904
24.735050 46.701904
24.735071 46.701954
24.735071 46.701954
24.735071 46.701954
24.735071 46.701954
24.735071 46.701954
24.735071 46.701954
24.735071 46.701954
24.735092 46.702007
24.735092 46.702007
24.735092 46.702007
24.735092 46.702007
24.735092 46.702007
24.735092 46.702007
24.735113 46.702061
24.735113 46.702061
24.735113 46.702061
24.735113 46.702061
24.735113 46.702061
24.735113 46.702061
24.735136 46.702118
24.735136 46.702118
24.735136 46.702118
24.735136 46.702118
24.735136 46.702118
24.735136 46.702118
24.735136 46.702118
24.735159 46.702175
24.735159 46.702175
24.735159 46.702175
24.735159 46.702175
24.735159 46.702175
24.735159 46.702175
24.735184 46.702236
24.735184 46.702236
24.735184 46.702236
24.735184 46.702236
24.735184 46.702236
24.735184 46.702236
24.735210 46.702297
24.735210 46.702297
24.735210 46.702297
24.735210 46.702297
24.735210 46.702297
24.735210 46.702297
24.735210 46.702297
24.735235 46.702358
24.735235 46.702358
24.735235 46.702358
24.735235 46.702358
24.735235 46.702358
24.735235 46.702358
24.735260 46.702419
24.735260 46.702419
24.735260 46.702419
24.735260 46.702419
24.735260 46.702419
24.735260 46.702419
24.735260 46.702419
24.735281 46.702473
24.735281 46.702473
24.735281 46.702473
24.735281 46.702473
24.735281 46.702473
24.735281 46.702473
24.735302 46.702526
24.735302 46.702526
24.735302 46.702526
24.735302 46.702526
24.735302 46.702526
24.735302 46.702526
24.735319 46.702576
24.735319 46.702576
24.735319 46.702576
24.735319 46.702576
24.735319 46.702576
24.735319 46.702576
24.735319 46.702576
24.735332 46.702621
24.735332 46.702621
24.735332 46.702621
24.735332 46.702621
24.735332 46.702621
24.735332 46.702621
24.735344 46.702667
24.735344 46.702667
24.735344 46.702667
24.735344 46.702667
24.735344 46.702667
24.735344 46.702667
24.735353 46.702705
24.735353 46.702705
24.735353 46.702705
24.735353 46.702705
24.735353 46.702705
24.735353 46.702705
24.735353 46.702705
24.735367 46.702736
24.735367 46.702736
24.735367 46.702736
24.735367 46.702736
24.735367 46.702736
24.735367 46.702736
24.735386 46.702759
24.735386 46.702759
24.735386 46.702759
24.735386 46.702759
24.735386 46.702759
24.735386 46.702759
24.735407 46.702766
24.735407 46.702766
24.735407 46.702766
24.735407 46.702766
24.735407 46.702766
24.735407 46.702766
24.735407 46.702766
24.735424 46.702763
24.735424 46.702763
24.735424 46.702763
24.735424 46.702763
24.735424 46.702763
24.735424 46.702763
24.735437 46.702755
24.735437 46.702755
24.735437 46.702755
24.735437 46.702755
24.735437 46.702755
24.735437 46.702755
24.735437 46.702755
24.735447 46.702740
24.735447 46.702740
24.735447 46.702740
24.735447 46.702740
24.735447 46.702740
24.735447 46.702740
24.735451 46.702724
24.735451 46.702724
24.735451 46.702724
24.735451 46.702724
24.735451 46.702724
24.735451 46.702724
24.735449 46.702705
24.735449 46.702705
24.735449 46.702705
24.735449 46.702705
24.735449 46.702705
24.735449 46.702705
24.735449 46.702705
24.735441 46.702686
24.735441 46.702686
24.735441 46.702686
24.735441 46.702686
24.735441 46.702686
24.735441 46.702686
24.735434 46.702663
24.735434 46.702663
24.735434 46.702663
24.735434 46.702663
24.735434 46.702663
24.735434 46.702663
24.735424 46.702641
24.735424 46.702641
24.735424 46.702641
24.735424 46.702641
24.735424 46.702641
24.735424 46.702641
24.735424 46.702641
24.735413 46.702614
24.735413 46.702614
24.735413 46.702614
24.735413 46.702614
24.735413 46.702614
24.735413 46.702614
24.735399 46.702583
24.735399 46.702583
24.735399 46.702583
24.735399 46.702583
24.735399 46.702583
24.735399 46.702583
24.735399 46.702583
24.735384 46.702553
24.735384 46.702553
24.735384 46.702553
24.735384 46.702553
24.735384 46.702553
24.735384 46.702553
24.735369 46.702518
24.735369 46.702518
24.735369 46.702518
24.735369 46.702518
24.735369 46.702518
24.735369 46.702518
24.735353 46.702484
24.735353 46.702484
24.735353 46.702484
24.735353 46.702484
24.735353 46.702484
24.735353 46.702484
24.735353 46.702484
24.735338 46.702450
24.735338 46.702450
24.735338 46.702450
24.735338 46.702450
24.735338 46.702450
24.735338 46.702450
24.735323 46.702415
24.735323 46.702415
24.735323 46.702415
24.735323 46.702415
24.735323 46.702415
24.735323 46.702415
24.735308 46.702377
24.735308 46.702377
24.735308 46.702377
24.735308 46.702377
24.735308 46.702377
24.735308 46.702377
24.735308 46.702377
24.735291 46.702339
24.735291 46.702339
24.735291 46.702339
24.735291 46.702339
24.735291 46.702339
24.735291 46.702339
24.735273 46.702301
24.735273 46.702301
24.735273 46.702301
24.735273 46.702301
24.735273 46.702301
24.735273 46.702301
24.735273 46.702301
24.735254 46.702263
24.735254 46.702263
24.735254 46.702263
24.735254 46.702263
24.735254 46.702263
24.735254 46.702263
24.735237 46.702225
24.735237 46.702225
24.735237 46.702225
24.735237 46.702225
24.735237 46.702225
24.735237 46.702225
24.735218 46.702183
24.735218 46.702183
24.735218 46.702183
24.735218 46.702183
24.735218 46.702183
24.735218 46.702183
24.735218 46.702183
24.735199 46.702145
24.735199 46.702145
24.735199 46.702145
24.735199 46.702145
24.735199 46.702145
24.735199 46.702145
24.735180 46.702103
24.735180 46.702103
24.735180 46.702103
24.735180 46.702103
24.735180 46.702103
24.735180 46.702103
24.735163 46.702061
24.735163 46.702061
24.735163 46.702061
24.735163 46.702061
24.735163 46.702061
24.735163 46.702061
24.735163 46.702061
24.735142 46.702019
24.735142 46.702019
24.735142 46.702019
24.735142 46.702019
24.735142 46.702019
24.735142 46.702019
24.735125 46.701977
24.735125 46.701977
24.735125 46.701977
24.735125 46.701977
24.735125 46.701977
24.735125 46.701977
24.735125 46.701977
24.735106 46.701935
24.735106 46.701935
24.735106 46.701935
24.735106 46.701935
24.735106 46.701935
24.735106 46.701935
24.735086 46.701893
24.735086 46.701893
24.735086 46.701893
24.735086 46.701893
24.735086 46.701893
24.735086 46.701893
24.735067 46.701851
24.735067 46.701851
24.735067 46.701851
24.735067 46.701851
24.735067 46.701851
24.735067 46.701851
24.735067 46.701851
24.735048 46.701805
24.735048 46.701805
24.735048 46.701805
24.735048 46.701805
24.735048 46.701805
24.735048 46.701805
24.735031 46.701763
24.735031 46.701763
24.735031 46.701763
24.735031 46.701763
24.735031 46.701763
24.735031 46.701763
24.735031 46.701763
24.735012 46.701717
24.735012 46.701717
24.735012 46.701717
24.735012 46.701717
24.735012 46.701717
24.735012 46.701717
24.734991 46.701672
24.734991 46.701672
24.734991 46.701672
24.734991 46.701672
24.734991 46.701672
24.734991 46.701672
24.734972 46.701626
24.734972 46.701626
24.734972 46.701626
24.734972 46.701626
24.734972 46.701626
24.734972 46.701626
24.734972 46.701626
24.734951 46.701580
24.734951 46.701580
24.734951 46.701580
24.734951 46.701580
24.734951 46.701580
24.734951 46.701580
24.734930 46.701530
24.734930 46.701530
24.734930 46.701530
24.734930 46.701530
24.734930 46.701530
24.734930 46.701530
24.734907 46.701485
24.734907 46.701485
24.734907 46.701485
24.734907 46.701485
24.734907 46.701485
24.734907 46.701485
24.734907 46.701485
24.734886 46.701435
24.734886 46.701435
24.734886 46.701435
24.734886 46.701435
24.734886 46.701435
24.734886 46.701435
24.734863 46.701385
24.734863 46.701385
24.734863 46.701385
24.734863 46.701385
24.734863 46.701385
24.734863 46.701385
24.734842 46.701336
24.734842 46.701336
24.734842 46.701336
24.734842 46.701336
24.734842 46.701336
24.734842 46.701336
24.734842 46.701336
24.734821 46.701283
24.734821 46.701283
24.734821 46.701283
24.734821 46.701283
24.734821 46.701283
24.734821 46.701283
24.734800 46.701233
24.734800 46.701233
24.734800 46.701233
24.734800 46.701233
24.734800 46.701233
24.734800 46.701233
24.734800 46.701233
24.734777 46.701180
24.734777 46.701180
24.734777 46.701180
24.734777 46.701180
24.734777 46.701180
24.734777 46.701180
24.734755 46.701130
24.734755 46.701130
24.734755 46.701130
24.734755 46.701130
24.734755 46.701130
24.734755 46.701130
24.734734 46.701077
24.734734 46.701077
24.734734 46.701077
24.734734 46.701077
24.734734 46.701077
24.734734 46.701077
24.734734 46.701077
24.734709 46.701023
24.734709 46.701023
24.734709 46.701023
24.734709 46.701023
24.734709 46.701023
24.734709 46.701023
24.734686 46.700970
24.734686 46.700970
24.734686 46.700970
24.734686 46.700970
24.734686 46.700970
24.734686 46.700970
24.734686 46.700970
24.734663 46.700916
24.734663 46.700916
24.734663 46.700916
24.734663 46.700916
24.734663 46.700916
24.734663 46.700916
24.734640 46.700863
24.734640 46.700863
24.734640 46.700863
24.734640 46.700863
24.734640 46.700863
24.734640 46.700863
24.734617 46.700809
24.734617 46.700809
24.734617 46.700809
24.734617 46.700809
24.734617 46.700809
24.734617 46.700809
24.734617 46.700809
24.734594 46.700756
24.734594 46.700756
24.734594 46.700756
24.734594 46.700756
24.734594 46.700756
24.734594 46.700756
24.734571 46.700703
24.734571 46.700703
24.734571 46.700703
24.734571 46.700703
24.734571 46.700703
24.734571 46.700703
24.734549 46.700649
24.734549 46.700649
24.734549 46.700649
24.734549 46.700649
24.734549 46.700649
24.734549 46.700649
24.734549 46.700649
24.734529 46.700600
24.734529 46.700600
24.734529 46.700600
24.734529 46.700600
24.734529 46.700600
24.734529 46.700600
24.734510 46.700554
24.734510 46.700554
24.734510 46.700554
24.734510 46.700554
24.734510 46.700554
24.734510 46.700554
24.734493 46.700512
24.734493 46.700512
24.734493 46.700512
24.734493 46.700512
24.734493 46.700512
24.734493 46.700512
24.734493 46.700512
24.734480 46.700470
24.734480 46.700470
24.734480 46.700470
24.734480 46.700470
24.734480 46.700470
24.734480 46.700470
24.734468 46.700436
24.734468 46.700436
24.734468 46.700436
24.734468 46.700436
24.734468 46.700436
24.734468 46.700436
24.734468 46.700436
24.734461 46.700401
24.734461 46.700401
24.734461 46.700401
24.734461 46.700401
24.734461 46.700401
24.734461 46.700401
24.734457 46.700367
24.734457 46.700367
24.734457 46.700367
24.734457 46.700367
24.734457 46.700367
24.734457 46.700367
24.734455 46.700340
24.734455 46.700340
24.734455 46.700340
24.734455 46.700340
24.734455 46.700340
24.734455 46.700340
24.734455 46.700340
24.734453 46.700317
24.734453 46.700317
24.734453 46.700317
24.734453 46.700317
24.734453 46.700317
24.734453 46.700317
24.734451 46.700298
24.734451 46.700298
24.734451 46.700298
24.734451 46.700298
24.734451 46.700298
24.734451 46.700298
24.734447 46.700275
24.734447 46.700275
24.734447 46.700275
24.734447 46.700275
24.734447 46.700275
24.734447 46.700275
24.734447 46.700275
24.734438 46.700256
24.734438 46.700256
24.734438 46.700256
24.734438 46.700256
24.734438 46.700256
24.734438 46.700256
24.734426 46.700241
24.734426 46.700241
24.734426 46.700241
24.734426 46.700241
24.734426 46.700241
24.734426 46.700241
24.734411 46.700233
24.734411 46.700233
24.734411 46.700233
24.734411 46.700233
24.734411 46.700233
24.734411 46.700233
24.734411 46.700233
24.734400 46.700233
24.734400 46.700233
24.734400 46.700233
24.734400 46.700233
24.734400 46.700233
24.734400 46.700233
24.734388 46.700233
24.734388 46.700233
24.734388 46.700233
24.734388 46.700233
24.734388 46.700233
24.734388 46.700233
24.734388 46.700233
24.734377 46.700233
24.734377 46.700233
24.734377 46.700233
24.734377 46.700233
24.734377 46.700233
24.734377 46.700233
24.734365 46.700241
24.734365 46.700241
24.734365 46.700241
24.734365 46.700241
24.734365 46.700241
24.734365 46.700241
24.734358 46.700249
24.734358 46.700249
24.734358 46.700249
24.734358 46.700249
24.734358 46.700249
24.734358 46.700249
24.734358 46.700249
24.734352 46.700260
24.734352 46.700260
24.734352 46.700260
24.734352 46.700260
24.734352 46.700260
24.734352 46.700260
24.734350 46.700272
24.734350 46.700272
24.734350 46.700272
24.734350 46.700272
24.734350 46.700272
24.734350 46.700272
24.734352 46.700287
24.734352 46.700287
24.734352 46.700287
24.734352 46.700287
24.734352 46.700287
24.734352 46.700287
24.734352 46.700287
24.734358 46.700302
24.734358 46.700302
24.734358 46.700302
24.734358 46.700302
24.734358 46.700302
24.734358 46.700302
24.734365 46.700321
24.734365 46.700321
24.734365 46.700321
24.734365 46.700321
24.734365 46.700321
24.734365 46.700321
24.734365 46.700321
24.734375 46.700340
24.734375 46.700340
24.734375 46.700340
24.734375 46.700340
24.734375 46.700340
24.734375 46.700340
24.734386 46.700367
24.734386 46.700367
24.734386 46.700367
24.734386 46.700367
24.734386 46.700367
24.734386 46.700367
24.734398 46.700390
24.734398 46.700390
24.734398 46.700390
24.734398 46.700390
24.734398 46.700390
24.734398 46.700390
24.734398 46.700390
24.734411 46.700420
24.734411 46.700420
24.734411 46.700420
24.734411 46.700420
24.734411 46.700420
24.734411 46.700420
24.734425 46.700447
24.734425 46.700447
24.734425 46.700447
24.734425 46.700447
24.734425 46.700447
24.734425 46.700447
24.734438 46.700478
24.734438 46.700478
24.734438 46.700478
24.734438 46.700478
24.734438 46.700478
24.734438 46.700478
24.734438 46.700478
24.734451 46.700508
24.734451 46.700508
24.734451 46.700508
24.734451 46.700508
24.734451 46.700508
24.734451 46.700508
24.734463 46.700542
24.734463 46.700542
24.734463 46.700542
24.734463 46.700542
24.734463 46.700542
24.734463 46.700542
24.734463 46.700542
24.734478 46.700573
24.734478 46.700573
24.734478 46.700573
24.734478 46.700573
24.734478 46.700573
24.734478 46.700573
24.734491 46.700611
24.734491 46.700611
24.734491 46.700611
24.734491 46.700611
24.734491 46.700611
24.734491 46.700611
24.734507 46.700645
24.734507 46.700645
24.734507 46.700645
24.734507 46.700645
24.734507 46.700645
24.734507 46.700645
24.734507 46.700645
24.734522 46.700684
24.734522 46.700684
24.734522 46.700684
24.734522 46.700684
24.734522 46.700684
24.734522 46.700684
24.734537 46.700718
24.734537 46.700718
24.734537 46.700718
24.734537 46.700718
24.734537 46.700718
24.734537 46.700718
24.734554 46.700756
24.734554 46.700756
24.734554 46.700756
24.734554 46.700756
24.734554 46.700756
24.734554 46.700756
24.734554 46.700756
24.734571 46.700794
24.734571 46.700794
24.734571 46.700794
24.734571 46.700794
24.734571 46.700794
24.734571 46.700794
24.734591 46.700832
24.734591 46.700832
24.734591 46.700832
24.734591 46.700832
24.734591 46.700832
24.734591 46.700832
24.734610 46.700871
24.734610 46.700871
24.734610 46.700871
24.734610 46.700871
24.734610 46.700871
24.734610 46.700871
24.734610 46.700871
24.734629 46.700909
24.734629 46.700909
24.734629 46.700909
24.734629 46.700909
24.734629 46.700909
24.734629 46.700909
24.734648 46.700947
24.734648 46.700947
24.734648 46.700947
24.734648 46.700947
24.734648 46.700947
24.734648 46.700947
24.734648 46.700947
24.734669 46.700985
24.734669 46.700985
24.734669 46.700985
24.734669 46.700985
24.734669 46.700985
24.734669 46.700985
24.734688 46.701027
24.734688 46.701027
24.734688 46.701027
24.734688 46.701027
24.734688 46.701027
24.734688 46.701027
24.734709 46.701065
24.734709 46.701065
24.734709 46.701065
24.734709 46.701065
24.734709 46.701065
24.734709 46.701065
24.734709 46.701065
24.734728 46.701107
24.734728 46.701107
24.734728 46.701107
24.734728 46.701107
24.734728 46.701107
24.734728 46.701107
24.734749 46.701145
24.734749 46.701145
24.734749 46.701145
24.734749 46.701145
24.734749 46.701145
24.734749 46.701145
24.734770 46.701187
24.734770 46.701187
24.734770 46.701187
24.734770 46.701187
24.734770 46.701187
24.734770 46.701187
24.734770 46.701187
24.734789 46.701229
24.734789 46.701229
24.734789 46.701229
24.734789 46.701229
24.734789 46.701229
24.734789 46.701229
24.734810 46.701271
24.734810 46.701271
24.734810 46.701271
24.734810 46.701271
24.734810 46.701271
24.734810 46.701271
24.734810 46.701271
24.734829 46.701317
24.734829 46.701317
24.734829 46.701317
24.734829 46.701317
24.734829 46.701317
24.734829 46.701317
24.734850 46.701359
24.734850 46.701359
24.734850 46.701359
24.734850 46.701359
24.734850 46.701359
24.734850 46.701359
24.734869 46.701405
24.734869 46.701405
24.734869 46.701405
24.734869 46.701405
24.734869 46.701405
24.734869 46.701405
24.734869 46.701405
24.734888 46.701450
24.734888 46.701450
24.734888 46.701450
24.734888 46.701450
24.734888 46.701450
24.734888 46.701450
24.734909 46.701496
24.734909 46.701496
24.734909 46.701496
24.734909 46.701496
24.734909 46.701496
24.734909 46.701496
24.734909 46.701496
24.734928 46.701542
24.734928 46.701542
24.734928 46.701542
24.734928 46.701542
24.734928 46.701542
24.734928 46.701542
24.734949 46.701591
24.734949 46.701591
24.734949 46.701591
24.734949 46.701591
24.734949 46.701591
24.734949 46.701591
24.734970 46.701637
24.734970 46.701637
24.734970 46.701637
24.734970 46.701637
24.734970 46.701637
24.734970 46.701637
24.734970 46.701637
24.734993 46.701687
24.734993 46.701687
24.734993 46.701687
24.734993 46.701687
24.734993 46.701687
24.734993 46.701687
24.735014 46.701736
24.735014 46.701736
24.735014 46.701736
24.735014 46.701736
24.735014 46.701736
24.735014 46.701736
24.735035 46.701786
24.735035 46.701786
24.735035 46.701786
24.735035 46.701786
24.735035 46.701786
24.735035 46.701786
24.735035 46.701786
24.735054 46.701839
24.735054 46.701839
24.735054 46.701839
24.735054 46.701839
24.735054 46.701839
24.735054 46.701839
24.735075 46.701893
24.735075 46.701893
24.735075 46.701893
24.735075 46.701893
24.735075 46.701893
24.735075 46.701893
24.735096 46.701946
24.735096 46.701946
24.735096 46.701946
24.735096 46.701946
24.735096 46.701946
24.735096 46.701946
24.735096 46.701946
24.735119 46.702000
24.735119 46.702000
24.735119 46.702000
24.735119 46.702000
24.735119 46.702000
24.735119 46.702000
24.735142 46.702053
24.735142 46.702053
24.735142 46.702053
24.735142 46.702053
24.735142 46.702053
24.735142 46.702053
24.735142 46.702053
24.735165 46.702110
24.735165 46.702110
24.735165 46.702110
24.735165 46.702110
24.735165 46.702110
24.735165 46.702110
24.735189 46.702168
24.735189 46.702168
24.735189 46.702168
24.735189 46.702168
24.735189 46.702168
24.735189 46.702168
24.735212 46.702221
24.735212 46.702221
24.735212 46.702221
24.735212 46.702221
24.735212 46.702221
24.735212 46.702221
24.735212 46.702221
24.735237 46.702278
24.735237 46.702278
24.735237 46.702278
24.735237 46.702278
24.735237 46.702278
24.735237 46.702278
24.735262 46.702335
24.735262 46.702335
24.735262 46.702335
24.735262 46.702335
24.735262 46.702335
24.735262 46.702335
24.735287 46.702389
24.735287 46.702389
24.735287 46.702389
24.735287 46.702389
24.735287 46.702389
24.735287 46.702389
24.735287 46.702389
24.735313 46.702435
24.735313 46.702435
24.735313 46.702435
24.735313 46.702435
24.735313 46.702435
24.735313 46.702435
24.735338 46.702480
24.735338 46.702480
24.735338 46.702480
24.735338 46.702480
24.735338 46.702480
24.735338 46.702480
24.735338 46.702480
24.735359 46.702518
24.735359 46.702518
24.735359 46.702518
24.735359 46.702518
24.735359 46.702518
24.735359 46.702518
24.735380 46.702553
24.735380 46.702553
24.735380 46.702553
24.735380 46.702553
24.735380 46.702553
24.735380 46.702553
24.735399 46.702587
24.735399 46.702587
24.735399 46.702587
24.735399 46.702587
24.735399 46.702587
24.735399 46.702587
24.735399 46.702587
24.735416 46.702614
24.735416 46.702614
24.735416 46.702614
24.735416 46.702614
24.735416 46.702614
24.735416 46.702614
24.735424 46.702641
24.735424 46.702641
24.735424 46.702641
24.735424 46.702641
24.735424 46.702641
24.735424 46.702641
24.735422 46.702667
24.735422 46.702667
24.735422 46.702667
24.735422 46.702667
24.735422 46.702667
24.735422 46.702667
24.735422 46.702667
24.735415 46.702686
24.735415 46.702686
24.735415 46.702686
24.735415 46.702686
24.735415 46.702686
24.735415 46.702686
24.735403 46.702702
24.735403 46.702702
24.735403 46.702702
24.735403 46.702702
24.735403 46.702702
24.735403 46.702702
24.735388 46.702705
24.735388 46.702705
24.735388 46.702705
24.735388 46.702705
24.735388 46.702705
24.735388 46.702705
24.735388 46.702705
24.735374 46.702709
24.735374 46.702709
24.735374 46.702709
24.735374 46.702709
24.735374 46.702709
24.735374 46.702709
24.735361 46.702705
24.735361 46.702705
24.735361 46.702705
24.735361 46.702705
24.735361 46.702705
24.735361 46.702705
24.735361 46.702705
24.735350 46.702698
24.735350 46.702698
24.735350 46.702698
24.735350 46.702698
24.735350 46.702698
24.735350 46.702698
24.735338 46.702686
24.735338 46.702686
24.735338 46.702686
24.735338 46.702686
24.735338 46.702686
24.735338 46.702686
24.735331 46.702667
24.735331 46.702667
24.735331 46.702667
24.735331 46.702667
24.735331 46.702667
24.735331 46.702667
24.735331 46.702667
24.735325 46.702644
24.735325 46.702644
24.735325 46.702644
24.735325 46.702644
24.735325 46.702644
24.735325 46.702644
24.735321 46.702618
24.735321 46.702618
24.735321 46.702618
24.735321 46.702618
24.735321 46.702618
24.735321 46.702618
24.735317 46.702591
24.735317 46.702591
24.735317 46.702591
24.735317 46.702591
24.735317 46.702591
24.735317 46.702591
24.735317 46.702591
24.735312 46.702560
24.735312 46.702560
24.735312 46.702560
24.735312 46.702560
24.735312 46.702560
24.735312 46.702560
24.735308 46.702530
24.735308 46.702530
24.735308 46.702530
24.735308 46.702530
24.735308 46.702530
24.735308 46.702530
24.735308 46.702530
24.735300 46.702499
24.735300 46.702499
24.735300 46.702499
24.735300 46.702499
24.735300 46.702499
24.735300 46.702499
24.735292 46.702465
24.735292 46.702465
24.735292 46.702465
24.735292 46.702465
24.735292 46.702465
24.735292 46.702465
24.735285 46.702431
24.735285 46.702431
24.735285 46.702431
24.735285 46.702431
24.735285 46.702431
24.735285 46.702431
24.735285 46.702431
24.735273 46.702393
24.735273 46.702393
24.735273 46.702393
24.735273 46.702393
24.735273 46.702393
24.735273 46.702393
24.735262 46.702354
24.735262 46.702354
24.735262 46.702354
24.735262 46.702354
24.735262 46.702354
24.735262 46.702354
24.735252 46.702316
24.735252 46.702316
24.735252 46.702316
24.735252 46.702316
24.735252 46.702316
24.735252 46.702316
24.735252 46.702316
24.735241 46.702274
24.735241 46.702274
24.735241 46.702274
24.735241 46.702274
24.735241 46.702274
24.735241 46.702274
24.735228 46.702236
24.735228 46.702236
24.735228 46.702236
24.735228 46.702236
24.735228 46.702236
24.735228 46.702236
24.735228 46.702236
24.735214 46.702194
24.735214 46.702194
24.735214 46.702194
24.735214 46.702194
24.735214 46.702194
24.735214 46.702194
24.735199 46.702156
24.735199 46.702156
24.735199 46.702156
24.735199 46.702156
24.735199 46.702156
24.735199 46.702156
24.735184 46.702118
24.735184 46.702118
24.735184 46.702118
24.735184 46.702118
24.735184 46.702118
24.735184 46.702118
24.735184 46.702118
24.735167 46.702076
24.735167 46.702076
24.735167 46.702076
24.735167 46.702076
24.735167 46.702076
24.735167 46.702076
24.735149 46.702038
24.735149 46.702038
24.735149 46.702038
24.735149 46.702038
24.735149 46.702038
24.735149 46.702038
24.735130 46.702000
24.735130 46.702000
24.735130 46.702000
24.735130 46.702000
24.735130 46.702000
24.735130 46.702000
24.735130 46.702000
24.735111 46.701958
24.735111 46.701958
24.735111 46.701958
24.735111 46.701958
24.735111 46.701958
24.735111 46.701958
24.735094 46.701920
24.735094 46.701920
24.735094 46.701920
24.735094 46.701920
24.735094 46.701920
24.735094 46.701920
24.735094 46.701920
24.735077 46.701878
24.735077 46.701878
24.735077 46.701878
24.735077 46.701878
24.735077 46.701878
24.735077 46.701878
24.735058 46.701836
24.735058 46.701836
24.735058 46.701836
24.735058 46.701836
24.735058 46.701836
24.735058 46.701836
24.735041 46.701794
24.735041 46.701794
24.735041 46.701794
24.735041 46.701794
24.735041 46.701794
24.735041 46.701794
24.735041 46.701794
24.735023 46.701748
24.735023 46.701748
24.735023 46.701748
24.735023 46.701748
24.735023 46.701748
24.735023 46.701748
24.735004 46.701706
24.735004 46.701706
24.735004 46.701706
24.735004 46.701706
24.735004 46.701706
24.735004 46.701706
24.734985 46.701660
24.734985 46.701660
24.734985 46.701660
24.734985 46.701660
24.734985 46.701660
24.734985 46.701660
24.734985 46.701660
24.734964 46.701614
24.734964 46.701614
24.734964 46.701614
24.734964 46.701614
24.734964 46.701614
24.734964 46.701614
24.734945 46.701569
24.734945 46.701569
24.734945 46.701569
24.734945 46.701569
24.734945 46.701569
24.734945 46.701569
24.734945 46.701569
24.734924 46.701523
24.734924 46.701523
24.734924 46.701523
24.734924 46.701523
24.734924 46.701523
24.734924 46.701523
24.734903 46.701477
24.734903 46.701477
24.734903 46.701477
24.734903 46.701477
24.734903 46.701477
24.734903 46.701477
24.734882 46.701427
24.734882 46.701427
24.734882 46.701427
24.734882 46.701427
24.734882 46.701427
24.734882 46.701427
24.734882 46.701427
24.734859 46.701382
24.734859 46.701382
24.734859 46.701382
24.734859 46.701382
24.734859 46.701382
24.734859 46.701382
24.734838 46.701332
24.734838 46.701332
24.734838 46.701332
24.734838 46.701332
24.734838 46.701332
24.734838 46.701332
24.734818 46.701283
24.734818 46.701283
24.734818 46.701283
24.734818 46.701283
24.734818 46.701283
24.734818 46.701283
24.734818 46.701283
24.734795 46.701229
24.734795 46.701229
24.734795 46.701229
24.734795 46.701229
24.734795 46.701229
24.734795 46.701229
24.734774 46.701180
24.734774 46.701180
24.734774 46.701180
24.734774 46.701180
24.734774 46.701180
24.734774 46.701180
24.734774 46.701180
24.734751 46.701126
24.734751 46.701126
24.734751 46.701126
24.734751 46.701126
24.734751 46.701126
24.734751 46.701126
24.734730 46.701077
24.734730 46.701077
24.734730 46.701077
24.734730 46.701077
24.734730 46.701077
24.734730 46.701077
24.734707 46.701023
24.734707 46.701023
24.734707 46.701023
24.734707 46.701023
24.734707 46.701023
24.734707 46.701023
24.734707 46.701023
24.734686 46.700970
24.734686 46.700970
24.734686 46.700970
24.734686 46.700970
24.734686 46.700970
24.734686 46.700970
24.734663 46.700916
24.734663 46.700916
24.734663 46.700916
24.734663 46.700916
24.734663 46.700916
24.734663 46.700916
24.734640 46.700863
24.734640 46.700863
24.734640 46.700863
24.734640 46.700863
24.734640 46.700863
24.734640 46.700863
24.734640 46.700863
24.734617 46.700813
24.734617 46.700813
24.734617 46.700813
24.734617 46.700813
24.734617 46.700813
24.734617 46.700813
24.734596 46.700760
24.734596 46.700760
24.734596 46.700760
24.734596 46.700760
24.734596 46.700760
24.734596 46.700760
24.734596 46.700760
24.734573 46.700706
24.734573 46.700706
24.734573 46.700706
24.734573 46.700706
24.734573 46.700706
24.734573 46.700706
24.734549 46.700649
24.734549 46.700649
24.734549 46.700649
24.734549 46.700649
24.734549 46.700649
24.734549 46.700649
24.734528 46.700596
24.734528 46.700596
24.734528 46.700596
24.734528 46.700596
24.734528 46.700596
24.734528 46.700596
24.734528 46.700596
24.734509 46.700546
24.734509 46.700546
24.734509 46.700546
24.734509 46.700546
24.734509 46.700546
24.734509 46.700546
24.734491 46.700500
24.734491 46.700500
24.734491 46.700500
24.734491 46.700500
24.734491 46.700500
24.734491 46.700500
24.734478 46.700459
24.734478 46.700459
24.734478 46.700459
24.734478 46.700459
24.734478 46.700459
24.734478 46.700459
24.734478 46.700459
24.734468 46.700417
24.734468 46.700417
24.734468 46.700417
24.734468 46.700417
24.734468 46.700417
24.734468 46.700417
24.734463 46.700378
24.734463 46.700378
24.734463 46.700378
24.734463 46.700378
24.734463 46.700378
24.734463 46.700378
24.734459 46.700344
24.734459 46.700344
24.734459 46.700344
24.734459 46.700344
24.734459 46.700344
24.734459 46.700344
24.734459 46.700344
24.734455 46.700314
24.734455 46.700314
24.734455 46.700314
24.734455 46.700314
24.734455 46.700314
24.734455 46.700314
24.734451 46.700287
24.734451 46.700287
24.734451 46.700287
24.734451 46.700287
24.734451 46.700287
24.734451 46.700287
24.734451 46.700287
24.734446 46.700264
24.734446 46.700264
24.734446 46.700264
24.734446 46.700264
24.734446 46.700264
24.734446 46.700264
24.734438 46.700249
24.734438 46.700249
24.734438 46.700249
24.734438 46.700249
24.734438 46.700249
24.734438 46.700249
24.734425 46.700237
24.734425 46.700237
24.734425 46.700237
24.734425 46.700237
24.734425 46.700237
24.734425 46.700237
24.734425 46.700237
24.734411 46.700230
24.734411 46.700230
24.734411 46.700230
24.734411 46.700230
24.734411 46.700230
24.734411 46.700230
24.734400 46.700226
24.734400 46.700226
24.734400 46.700226
24.734400 46.700226
24.734400 46.700226
24.734400 46.700226
24.734386 46.700230
24.734386 46.700230
24.734386 46.700230
24.734386 46.700230
24.734386 46.700230
24.734386 46.700230
24.734386 46.700230
24.734373 46.700233
24.734373 46.700233
24.734373 46.700233
24.734373 46.700233
24.734373 46.700233
24.734373 46.700233
24.734362 46.700241
24.734362 46.700241
24.734362 46.700241
24.734362 46.700241
24.734362 46.700241
24.734362 46.700241
24.734362 46.700241
24.734354 46.700253
24.734354 46.700253
24.734354 46.700253
24.734354 46.700253
24.734354 46.700253
24.734354 46.700253
24.734350 46.700268
24.734350 46.700268
24.734350 46.700268
24.734350 46.700268
24.734350 46.700268
24.734350 46.700268
24.734352 46.700283
24.734352 46.700283
24.734352 46.700283
24.734352 46.700283
24.734352 46.700283
24.734352 46.700283
24.734352 46.700283
24.734356 46.700298
24.734356 46.700298
24.734356 46.700298
24.734356 46.700298
24.734356 46.700298
24.734356 46.700298
24.734362 46.700314
24.734362 46.700314
24.734362 46.700314
24.734362 46.700314
24.734362 46.700314
24.734362 46.700314
24.734369 46.700329
24.734369 46.700329
24.734369 46.700329
24.734369 46.700329
24.734369 46.700329
24.734369 46.700329
24.734369 46.700329
24.734379 46.700344
24.734379 46.700344
24.734379 46.700344
24.734379 46.700344
24.734379 46.700344
24.734379 46.700344
24.734388 46.700363
24.734388 46.700363
24.734388 46.700363
24.734388 46.700363
24.734388 46.700363
24.734388 46.700363
24.734400 46.700382
24.734400 46.700382
24.734400 46.700382
24.734400 46.700382
24.734400 46.700382
24.734400 46.700382
24.734400 46.700382
24.734411 46.700405
24.734411 46.700405
24.734411 46.700405
24.734411 46.700405
24.734411 46.700405
24.734411 46.700405
24.734425 46.700428
24.734425 46.700428
24.734425 46.700428
24.734425 46.700428
24.734425 46.700428
24.734425 46.700428
24.734425 46.700428
24.734438 46.700451
24.734438 46.700451
24.734438 46.700451
24.734438 46.700451
24.734438 46.700451
24.734438 46.700451
24.734451 46.700478
24.734451 46.700478
24.734451 46.700478
24.734451 46.700478
24.734451 46.700478
24.734451 46.700478
24.734465 46.700504
24.734465 46.700504
24.734465 46.700504
24.734465 46.700504
24.734465 46.700504
24.734465 46.700504
24.734465 46.700504
24.734480 46.700531
24.734480 46.700531
24.734480 46.700531
24.734480 46.700531
24.734480 46.700531
24.734480 46.700531
24.734495 46.700562
24.734495 46.700562
24.734495 46.700562
24.734495 46.700562
24.734495 46.700562
24.734495 46.700562
24.734510 46.700592
24.734510 46.700592
24.734510 46.700592
24.734510 46.700592
24.734510 46.700592
24.734510 46.700592
24.734510 46.700592
24.734526 46.700623
24.734526 46.700623
24.734526 46.700623
24.734526 46.700623
24.734526 46.700623
24.734526 46.700623
24.734541 46.700657
24.734541 46.700657
24.734541 46.700657
24.734541 46.700657
24.734541 46.700657
24.734541 46.700657
24.734541 46.700657
24.734558 46.700687
24.734558 46.700687
24.734558 46.700687
24.734558 46.700687
24.734558 46.700687
24.734558 46.700687
24.734575 46.700722
24.734575 46.700722
24.734575 46.700722
24.734575 46.700722
24.734575 46.700722
24.734575 46.700722
24.734591 46.700760
24.734591 46.700760
24.734591 46.700760
24.734591 46.700760
24.734591 46.700760
24.734591 46.700760
24.734591 46.700760
24.734608 46.700794
24.734608 46.700794
24.734608 46.700794
24.734608 46.700794
24.734608 46.700794
24.734608 46.700794
24.734625 46.700832
24.734625 46.700832
24.734625 46.700832
24.734625 46.700832
24.734625 46.700832
24.734625 46.700832
24.734644 46.700871
24.734644 46.700871
24.734644 46.700871
24.734644 46.700871
24.734644 46.700871
24.734644 46.700871
24.734644 46.700871
24.734661 46.700909
24.734661 46.700909
24.734661 46.700909
24.734661 46.700909
24.734661 46.700909
24.734661 46.700909
24.734678 46.700951
24.734678 46.700951
24.734678 46.700951
24.734678 46.700951
24.734678 46.700951
24.734678 46.700951
24.734678 46.700951
24.734695 46.700989
24.734695 46.700989
24.734695 46.700989
24.734695 46.700989
24.734695 46.700989
24.734695 46.700989
24.734713 46.701027
24.734713 46.701027
24.734713 46.701027
24.734713 46.701027
24.734713 46.701027
24.734713 46.701027
24.734730 46.701065
24.734730 46.701065
24.734730 46.701065
24.734730 46.701065
24.734730 46.701065
24.734730 46.701065
24.734730 46.701065
24.734747 46.701107
24.734747 46.701107
24.734747 46.701107
24.734747 46.701107
24.734747 46.701107
24.734747 46.701107
24.734762 46.701149
24.734762 46.701149
24.734762 46.701149
24.734762 46.701149
24.734762 46.701149
24.734762 46.701149
24.734779 46.701187
24.734779 46.701187
24.734779 46.701187
24.734779 46.701187
24.734779 46.701187
24.734779 46.701187
24.734779 46.701187
24.734795 46.701229
24.734795 46.701229
24.734795 46.701229
24.734795 46.701229
24.734795 46.701229
24.734795 46.701229
24.734814 46.701271
24.734814 46.701271
24.734814 46.701271
24.734814 46.701271
24.734814 46.701271
24.734814 46.701271
24.734814 46.701271
24.734831 46.701313
24.734831 46.701313
24.734831 46.701313
24.734831 46.701313
24.734831 46.701313
24.734831 46.701313
24.734848 46.701355
24.734848 46.701355
24.734848 46.701355
24.734848 46.701355
24.734848 46.701355
24.734848 46.701355
24.734865 46.701397
24.734865 46.701397
24.734865 46.701397
24.734865 46.701397
24.734865 46.701397
24.734865 46.701397
24.734865 46.701397
24.734884 46.701439
24.734884 46.701439
24.734884 46.701439
24.734884 46.701439
24.734884 46.701439
24.734884 46.701439
24.734903 46.701481
24.734903 46.701481
24.734903 46.701481
24.734903 46.701481
24.734903 46.701481
24.734903 46.701481
24.734922 46.701523
24.734922 46.701523
24.734922 46.701523
24.734922 46.701523
24.734922 46.701523
24.734922 46.701523
24.734922 46.701523
24.734941 46.701569
24.734941 46.701569
24.734941 46.701569
24.734941 46.701569
24.734941 46.701569
24.734941 46.701569
24.734961 46.701611
24.734961 46.701611
24.734961 46.701611
24.734961 46.701611
24.734961 46.701611
24.734961 46.701611
24.734961 46.701611
24.734980 46.701656
24.734980 46.701656
24.734980 46.701656
24.734980 46.701656
24.734980 46.701656
24.734980 46.701656
24.734999 46.701698
24.734999 46.701698
24.734999 46.701698
24.734999 46.701698
24.734999 46.701698
24.734999 46.701698
24.735018 46.701744
24.735018 46.701744
24.735018 46.701744
24.735018 46.701744
24.735018 46.701744
24.735018 46.701744
24.735018 46.701744
24.735037 46.701790
24.735037 46.701790
24.735037 46.701790
24.735037 46.701790
24.735037 46.701790
24.735037 46.701790
24.735058 46.701836
24.735058 46.701836
24.735058 46.701836
24.735058 46.701836
24.735058 46.701836
24.735058 46.701836
24.735077 46.701881
24.735077 46.701881
24.735077 46.701881
24.735077 46.701881
24.735077 46.701881
24.735077 46.701881
24.735077 46.701881
24.735094 46.701931
24.735094 46.701931
24.735094 46.701931
24.735094 46.701931
24.735094 46.701931
24.735094 46.701931
24.735115 46.701977
24.735115 46.701977
24.735115 46.701977
24.735115 46.701977
24.735115 46.701977
24.735115 46.701977
24.735115 46.701977
24.735138 46.702026
24.735138 46.702026
24.735138 46.702026
24.735138 46.702026
24.735138 46.702026
24.735138 46.702026
24.735163 46.702072
24.735163 46.702072
24.735163 46.702072
24.735163 46.702072
24.735163 46.702072
24.735163 46.702072
24.735186 46.702122
24.735186 46.702122
24.735186 46.702122
24.735186 46.702122
24.735186 46.702122
24.735186 46.702122
24.735186 46.702122
24.735209 46.702168
24.735209 46.702168
24.735209 46.702168
24.735209 46.702168
24.735209 46.702168
24.735209 46.702168
24.735233 46.702217
24.735233 46.702217
24.735233 46.702217
24.735233 46.702217
24.735233 46.702217
24.735233 46.702217
24.735258 46.702267
24.735258 46.702267
24.735258 46.702267
24.735258 46.702267
24.735258 46.702267
24.735258 46.702267
24.735258 46.702267
24.735281 46.702316
24.735281 46.702316
24.735281 46.702316
24.735281 46.702316
24.735281 46.702316
24.735281 46.702316
24.735306 46.702370
24.735306 46.702370
24.735306 46.702370
24.735306 46.702370
24.735306 46.702370
24.735306 46.702370
24.735306 46.702370
24.735329 46.702415
24.735329 46.702415
24.735329 46.702415
24.735329 46.702415
24.735329 46.702415
24.735329 46.702415
24.735350 46.702461
24.735350 46.702461
24.735350 46.702461
24.735350 46.702461
24.735350 46.702461
24.735350 46.702461
24.735369 46.702499
24.735369 46.702499
24.735369 46.702499
24.735369 46.702499
24.735369 46.702499
24.735369 46.702499
24.735369 46.702499
24.735388 46.702538
24.735388 46.702538
24.735388 46.702538
24.735388 46.702538
24.735388 46.702538
24.735388 46.702538
24.735401 46.702572
24.735401 46.702572
24.735401 46.702572
24.735401 46.702572
24.735401 46.702572
24.735401 46.702572
24.735409 46.702602
24.735409 46.702602
24.735409 46.702602
24.735409 46.702602
24.735409 46.702602
24.735409 46.702602
24.735409 46.702602
24.735409 46.702633
24.735409 46.702633
24.735409 46.702633
24.735409 46.702633
24.735409 46.702633
24.735409 46.702633
24.735399 46.702656
24.735399 46.702656
24.735399 46.702656
24.735399 46.702656
24.735399 46.702656
24.735399 46.702656
24.735384 46.702671
24.735384 46.702671
24.735384 46.702671
24.735384 46.702671
24.735384 46.702671
24.735384 46.702671
24.735384 46.702671
24.735367 46.702675
24.735367 46.702675
24.735367 46.702675
24.735367 46.702675
24.735367 46.702675
24.735367 46.702675
24.735352 46.702671
24.735352 46.702671
24.735352 46.702671
24.735352 46.702671
24.735352 46.702671
24.735352 46.702671
24.735352 46.702671
24.735340 46.702663
24.735340 46.702663
24.735340 46.702663
24.735340 46.702663
24.735340 46.702663
24.735340 46.702663
24.735332 46.702656
24.735332 46.702656
24.735332 46.702656
24.735332 46.702656
24.735332 46.702656
24.735332 46.702656
24.735327 46.702644
24.735327 46.702644
24.735327 46.702644
24.735327 46.702644
24.735327 46.702644
24.735327 46.702644
24.735327 46.702644
24.735321 46.702633
24.735321 46.702633
24.735321 46.702633
24.735321 46.702633
24.735321 46.702633
24.735321 46.702633
24.735317 46.702618
24.735317 46.702618
24.735317 46.702618
24.735317 46.702618
24.735317 46.702618
24.735317 46.702618
24.735312 46.702602
24.735312 46.702602
24.735312 46.702602
24.735312 46.702602
24.735312 46.702602
24.735312 46.702602
24.735312 46.702602
24.735308 46.702583
24.735308 46.702583
24.735308 46.702583
24.735308 46.702583
24.735308 46.702583
24.735308 46.702583
24.735302 46.702564
24.735302 46.702564
24.735302 46.702564
24.735302 46.702564
24.735302 46.702564
24.735302 46.702564
24.735302 46.702564
24.735298 46.702541
24.735298 46.702541
24.735298 46.702541
24.735298 46.702541
24.735298 46.702541
24.735298 46.702541
24.735294 46.702518
24.735294 46.702518
24.735294 46.702518
24.735294 46.702518
24.735294 46.702518
24.735294 46.702518
24.735291 46.702492
24.735291 46.702492
24.735291 46.702492
24.735291 46.702492
24.735291 46.702492
24.735291 46.702492
24.735291 46.702492
24.735285 46.702469
24.735285 46.702469
24.735285 46.702469
24.735285 46.702469
24.735285 46.702469
24.735285 46.702469
24.735281 46.702442
24.735281 46.702442
24.735281 46.702442
24.735281 46.702442
24.735281 46.702442
24.735281 46.702442
24.735275 46.702412
24.735275 46.702412
24.735275 46.702412
24.735275 46.702412
24.735275 46.702412
24.735275 46.702412
24.735275 46.702412
24.735270 46.702381
24.735270 46.702381
24.735270 46.702381
24.735270 46.702381
24.735270 46.702381
24.735270 46.702381
24.735260 46.702351
24.735260 46.702351
24.735260 46.702351
24.735260 46.702351
24.735260 46.702351
24.735260 46.702351
24.735260 46.702351
24.735252 46.702320
24.735252 46.702320
24.735252 46.702320
24.735252 46.702320
24.735252 46.702320
24.735252 46.702320
24.735241 46.702286
24.735241 46.702286
24.735241 46.702286
24.735241 46.702286
24.735241 46.702286
24.735241 46.702286
24.735229 46.702255
24.735229 46.702255
24.735229 46.702255
24.735229 46.702255
24.735229 46.702255
24.735229 46.702255
24.735229 46.702255
24.735218 46.702221
24.735218 46.702221
24.735218 46.702221
24.735218 46.702221
24.735218 46.702221
24.735218 46.702221
24.735205 46.702187
24.735205 46.702187
24.735205 46.702187
24.735205 46.702187
24.735205 46.702187
24.735205 46.702187
24.735205 46.702187
24.735189 46.702152
24.735189 46.702152
24.735189 46.702152
24.735189 46.702152
24.735189 46.702152
24.735189 46.702152
24.735174 46.702118
24.735174 46.702118
24.735174 46.702118
24.735174 46.702118
24.735174 46.702118
24.735174 46.702118
24.735159 46.702080
24.735159 46.702080
24.735159 46.702080
24.735159 46.702080
24.735159 46.702080
24.735159 46.702080
24.735159 46.702080
24.735144 46.702045
24.735144 46.702045
24.735144 46.702045
24.735144 46.702045
24.735144 46.702045
24.735144 46.702045
24.735128 46.702007
24.735128 46.702007
24.735128 46.702007
24.735128 46.702007
24.735128 46.702007
24.735128 46.702007
24.735113 46.701969
24.735113 46.701969
24.735113 46.701969
24.735113 46.701969
24.735113 46.701969
24.735113 46.701969
24.735113 46.701969
24.735098 46.701931
24.735098 46.701931
24.735098 46.701931
24.735098 46.701931
24.735098 46.701931
24.735098 46.701931
24.735083 46.701893
24.735083 46.701893
24.735083 46.701893
24.735083 46.701893
24.735083 46.701893
24.735083 46.701893
24.735083 46.701893
24.735065 46.701855
24.735065 46.701855
24.735065 46.701855
24.735065 46.701855
24.735065 46.701855
24.735065 46.701855
24.735050 46.701813
24.735050 46.701813
24.735050 46.701813
24.735050 46.701813
24.735050 46.701813
24.735050 46.701813
24.735033 46.701775
24.735033 46.701775
24.735033 46.701775
24.735033 46.701775
24.735033 46.701775
24.735033 46.701775
24.735033 46.701775
24.735018 46.701736
24.735018 46.701736
24.735018 46.701736
24.735018 46.701736
24.735018 46.701736
24.735018 46.701736
24.735001 46.701694
24.735001 46.701694
24.735001 46.701694
24.735001 46.701694
24.735001 46.701694
24.735001 46.701694
24.734982 46.701656
24.734982 46.701656
24.734982 46.701656
24.734982 46.701656
24.734982 46.701656
24.734982 46.701656
24.734982 46.701656
24.734964 46.701614
24.734964 46.701614
24.734964 46.701614
24.734964 46.701614
24.734964 46.701614
24.734964 46.701614
24.734945 46.701572
24.734945 46.701572
24.734945 46.701572
24.734945 46.701572
24.734945 46.701572
24.734945 46.701572
24.734945 46.701572
24.734926 46.701527
24.734926 46.701527
24.734926 46.701527
24.734926 46.701527
24.734926 46.701527
24.734926 46.701527
24.734909 46.701485
24.734909 46.701485
24.734909 46.701485
24.734909 46.701485
24.734909 46.701485
24.734909 46.701485
24.734890 46.701443
24.734890 46.701443
24.734890 46.701443
24.734890 46.701443
24.734890 46.701443
24.734890 46.701443
24.734890 46.701443
24.734871 46.701397
24.734871 46.701397
24.734871 46.701397
24.734871 46.701397
24.734871 46.701397
24.734871 46.701397
24.734850 46.701351
24.734850 46.701351
24.734850 46.701351
24.734850 46.701351
24.734850 46.701351
24.734850 46.701351
24.734831 46.701309
24.734831 46.701309
24.734831 46.701309
24.734831 46.701309
24.734831 46.701309
24.734831 46.701309
24.734831 46.701309
24.734812 46.701260
24.734812 46.701260
24.734812 46.701260
24.734812 46.701260
24.734812 46.701260
24.734812 46.701260
24.734791 46.701214
24.734791 46.701214
24.734791 46.701214
24.734791 46.701214
24.734791 46.701214
24.734791 46.701214
24.734772 46.701168
24.734772 46.701168
24.734772 46.701168
24.734772 46.701168
24.734772 46.701168
24.734772 46.701168
24.734772 46.701168
24.734751 46.701118
24.734751 46.701118
24.734751 46.701118
24.734751 46.701118
24.734751 46.701118
24.734751 46.701118
24.734730 46.701073
24.734730 46.701073
24.734730 46.701073
24.734730 46.701073
24.734730 46.701073
24.734730 46.701073
24.734730 46.701073
24.734711 46.701023
24.734711 46.701023
24.734711 46.701023
24.734711 46.701023
24.734711 46.701023
24.734711 46.701023
24.734690 46.700977
24.734690 46.700977
24.734690 46.700977
24.734690 46.700977
24.734690 46.700977
24.734690 46.700977
24.734669 46.700928
24.734669 46.700928
24.734669 46.700928
24.734669 46.700928
24.734669 46.700928
24.734669 46.700928
24.734669 46.700928
24.734648 46.700878
24.734648 46.700878
24.734648 46.700878
24.734648 46.700878
24.734648 46.700878
24.734648 46.700878
24.734627 46.700829
24.734627 46.700829
24.734627 46.700829
24.734627 46.700829
24.734627 46.700829
24.734627 46.700829
24.734627 46.700829
24.734606 46.700779
24.734606 46.700779
24.734606 46.700779
24.734606 46.700779
24.734606 46.700779
24.734606 46.700779
24.734585 46.700729
24.734585 46.700729
24.734585 46.700729
24.734585 46.700729
24.734585 46.700729
24.734585 46.700729
24.734564 46.700676
24.734564 46.700676
24.734564 46.700676
24.734564 46.700676
24.734564 46.700676
24.734564 46.700676
24.734564 46.700676
24.734543 46.700626
24.734543 46.700626
24.734543 46.700626
24.734543 46.700626
24.734543 46.700626
24.734543 46.700626
24.734522 46.700573
24.734522 46.700573
24.734522 46.700573
24.734522 46.700573
24.734522 46.700573
24.734522 46.700573
24.734503 46.700523
24.734503 46.700523
24.734503 46.700523
24.734503 46.700523
24.734503 46.700523
24.734503 46.700523
24.734503 46.700523
24.734488 46.700474
24.734488 46.700474
24.734488 46.700474
24.734488 46.700474
24.734488 46.700474
24.734488 46.700474
24.734476 46.700428
24.734476 46.700428
24.734476 46.700428
24.734476 46.700428
24.734476 46.700428
24.734476 46.700428
24.734468 46.700386
24.734468 46.700386
24.734468 46.700386
24.734468 46.700386
24.734468 46.700386
24.734468 46.700386
24.734468 46.700386
24.734463 46.700348
24.734463 46.700348
24.734463 46.700348
24.734463 46.700348
24.734463 46.700348
24.734463 46.700348
24.734455 46.700314
24.734455 46.700314
24.734455 46.700314
24.734455 46.700314
24.734455 46.700314
24.734455 46.700314
24.734449 46.700283
24.734449 46.700283
24.734449 46.700283
24.734449 46.700283
24.734449 46.700283
24.734449 46.700283
24.734449 46.700283
24.734442 46.700260
24.734442 46.700260
24.734442 46.700260
24.734442 46.700260
24.734442 46.700260
24.734442 46.700260
24.734430 46.700245
24.734430 46.700245
24.734430 46.700245
24.734430 46.700245
24.734430 46.700245
24.734430 46.700245
24.734430 46.700245
24.734417 46.700233
24.734417 46.700233
24.734417 46.700233
24.734417 46.700233
24.734417 46.700233
24.734417 46.700233
24.734406 46.700226
24.734406 46.700226
24.734406 46.700226
24.734406 46.700226
24.734406 46.700226
24.734406 46.700226
24.734394 46.700222
24.734394 46.700222
24.734394 46.700222
24.734394 46.700222
24.734394 46.700222
24.734394 46.700222
24.734394 46.700222
24.734383 46.700222
24.734383 46.700222
24.734383 46.700222
24.734383 46.700222
24.734383 46.700222
24.734383 46.700222
24.734371 46.700222
24.734371 46.700222
24.734371 46.700222
24.734371 46.700222
24.734371 46.700222
24.734371 46.700222
24.734360 46.700226
24.734360 46.700226
24.734360 46.700226
24.734360 46.700226
24.734360 46.700226
24.734360 46.700226
24.734360 46.700226
24.734352 46.700230
24.734352 46.700230
24.734352 46.700230
24.734352 46.700230
24.734352 46.700230
24.734352 46.700230
24.734344 46.700237
24.734344 46.700237
24.734344 46.700237
24.734344 46.700237
24.734344 46.700237
24.734344 46.700237
24.734344 46.700237
24.734339 46.700249
24.734339 46.700249
24.734339 46.700249
24.734339 46.700249
24.734339 46.700249
24.734339 46.700249
24.734337 46.700256
24.734337 46.700256
24.734337 46.700256
24.734337 46.700256
24.734337 46.700256
24.734337 46.700256
24.734337 46.700268
24.734337 46.700268
24.734337 46.700268
24.734337 46.700268
24.734337 46.700268
24.734337 46.700268
24.734337 46.700268
24.734339 46.700279
24.734339 46.700279
24.734339 46.700279
24.734339 46.700279
24.734339 46.700279
24.734339 46.700279
24.734343 46.700287
24.734343 46.700287
24.734343 46.700287
24.734343 46.700287
24.734343 46.700287
24.734343 46.700287
24.734348 46.700294
24.734348 46.700294
24.734348 46.700294
24.734348 46.700294
24.734348 46.700294
24.734348 46.700294
24.734348 46.700294
24.734354 46.700302
24.734354 46.700302
24.734354 46.700302
24.734354 46.700302
24.734354 46.700302
24.734354 46.700302
24.734360 46.700314
24.734360 46.700314
24.734360 46.700314
24.734360 46.700314
24.734360 46.700314
24.734360 46.700314
24.734360 46.700314
24.734367 46.700325
24.734367 46.700325
24.734367 46.700325
24.734367 46.700325
24.734367 46.700325
24.734367 46.700325
24.734373 46.700344
24.734373 46.700344
24.734373 46.700344
24.734373 46.700344
24.734373 46.700344
24.734373 46.700344
24.734381 46.700359
24.734381 46.700359
24.734381 46.700359
24.734381 46.700359
24.734381 46.700359
24.734381 46.700359
24.734381 46.700359
24.734390 46.700378
24.734390 46.700378
24.734390 46.700378
24.734390 46.700378
24.734390 46.700378
24.734390 46.700378
24.734400 46.700397
24.734400 46.700397
24.734400 46.700397
24.734400 46.700397
24.734400 46.700397
24.734400 46.700397
24.734411 46.700420
24.734411 46.700420
24.734411 46.700420
24.734411 46.700420
24.734411 46.700420
24.734411 46.700420
24.734411 46.700420
24.734423 46.700443
24.734423 46.700443
24.734423 46.700443
24.734423 46.700443
24.734423 46.700443
24.734423 46.700443
24.734436 46.700466
24.734436 46.700466
24.734436 46.700466
24.734436 46.700466
24.734436 46.700466
24.734436 46.700466
24.734447 46.700493
24.734447 46.700493
24.734447 46.700493
24.734447 46.700493
24.734447 46.700493
24.734447 46.700493
24.734447 46.700493
24.734463 46.700520
24.734463 46.700520
24.734463 46.700520
24.734463 46.700520
24.734463 46.700520
24.734463 46.700520
24.734476 46.700546
24.734476 46.700546
24.734476 46.700546
24.734476 46.700546
24.734476 46.700546
24.734476 46.700546
24.734476 46.700546
24.734493 46.700573
24.734493 46.700573
24.734493 46.700573
24.734493 46.700573
24.734493 46.700573
24.734493 46.700573
24.734509 46.700603
24.734509 46.700603
24.734509 46.700603
24.734509 46.700603
24.734509 46.700603
24.734509 46.700603
24.734526 46.700634
24.734526 46.700634
24.734526 46.700634
24.734526 46.700634
24.734526 46.700634
24.734526 46.700634
24.734526 46.700634
24.734545 46.700665
24.734545 46.700665
24.734545 46.700665
24.734545 46.700665
24.734545 46.700665
24.734545 46.700665
24.734562 46.700699
24.734562 46.700699
24.734562 46.700699
24.734562 46.700699
24.734562 46.700699
24.734562 46.700699
24.734581 46.700733
24.734581 46.700733
24.734581 46.700733
24.734581 46.700733
24.734581 46.700733
24.734581 46.700733
24.734581 46.700733
24.734598 46.700768
24.734598 46.700768
24.734598 46.700768
24.734598 46.700768
24.734598 46.700768
24.734598 46.700768
24.734617 46.700806
24.734617 46.700806
24.734617 46.700806
24.734617 46.700806
24.734617 46.700806
24.734617 46.700806
24.734617 46.700806
24.734634 46.700844
24.734634 46.700844
24.734634 46.700844
24.734634 46.700844
24.734634 46.700844
24.734634 46.700844
24.734652 46.700886
24.734652 46.700886
24.734652 46.700886
24.734652 46.700886
24.734652 46.700886
24.734652 46.700886
24.734669 46.700924
24.734669 46.700924
24.734669 46.700924
24.734669 46.700924
24.734669 46.700924
24.734669 46.700924
24.734669 46.700924
24.734686 46.700962
24.734686 46.700962
24.734686 46.700962
24.734686 46.700962
24.734686 46.700962
24.734686 46.700962
24.734701 46.701000
24.734701 46.701000
24.734701 46.701000
24.734701 46.701000
24.734701 46.701000
24.734701 46.701000
24.734718 46.701042
24.734718 46.701042
24.734718 46.701042
24.734718 46.701042
24.734718 46.701042
24.734718 46.701042
24.734718 46.701042
24.734734 46.701080
24.734734 46.701080
24.734734 46.701080
24.734734 46.701080
24.734734 46.701080
24.734734 46.701080
24.734751 46.701122
24.734751 46.701122
24.734751 46.701122
24.734751 46.701122
24.734751 46.701122
24.734751 46.701122
24.734751 46.701122
24.734766 46.701164
24.734766 46.701164
24.734766 46.701164
24.734766 46.701164
24.734766 46.701164
24.734766 46.701164
24.734781 46.701202
24.734781 46.701202
24.734781 46.701202
24.734781 46.701202
24.734781 46.701202
24.734781 46.701202
24.734797 46.701244
24.734797 46.701244
24.734797 46.701244
24.734797 46.701244
24.734797 46.701244
24.734797 46.701244
24.734797 46.701244
24.734812 46.701286
24.734812 46.701286
24.734812 46.701286
24.734812 46.701286
24.734812 46.701286
24.734812 46.701286
24.734829 46.701328
24.734829 46.701328
24.734829 46.701328
24.734829 46.701328
24.734829 46.701328
24.734829 46.701328
24.734844 46.701370
24.734844 46.701370
24.734844 46.701370
24.734844 46.701370
24.734844 46.701370
24.734844 46.701370
24.734844 46.701370
24.734861 46.701412
24.734861 46.701412
24.734861 46.701412
24.734861 46.701412
24.734861 46.701412
24.734861 46.701412
24.734879 46.701454
24.734879 46.701454
24.734879 46.701454
24.734879 46.701454
24.734879 46.701454
24.734879 46.701454
24.734879 46.701454
24.734898 46.701496
24.734898 46.701496
24.734898 46.701496
24.734898 46.701496
24.734898 46.701496
24.734898 46.701496
24.734917 46.701538
24.734917 46.701538
24.734917 46.701538
24.734917 46.701538
24.734917 46.701538
24.734917 46.701538
24.734936 46.701580
24.734936 46.701580
24.734936 46.701580
24.734936 46.701580
24.734936 46.701580
24.734936 46.701580
24.734936 46.701580
24.734955 46.701626
24.734955 46.701626
24.734955 46.701626
24.734955 46.701626
24.734955 46.701626
24.734955 46.701626
24.734974 46.701668
24.734974 46.701668
24.734974 46.701668
24.734974 46.701668
24.734974 46.701668
24.734974 46.701668
24.734995 46.701714
24.734995 46.701714
24.734995 46.701714
24.734995 46.701714
24.734995 46.701714
24.734995 46.701714
24.734995 46.701714
24.735018 46.701759
24.735018 46.701759
24.735018 46.701759
24.735018 46.701759
24.735018 46.701759
24.735018 46.701759
24.735039 46.701805
24.735039 46.701805
24.735039 46.701805
24.735039 46.701805
24.735039 46.701805
24.735039 46.701805
24.735039 46.701805
24.735060 46.701855
24.735060 46.701855
24.735060 46.701855
24.735060 46.701855
24.735060 46.701855
24.735060 46.701855
24.735083 46.701904
24.735083 46.701904
24.735083 46.701904
24.735083 46.701904
24.735083 46.701904
24.735083 46.701904
24.735104 46.701954
24.735104 46.701954
24.735104 46.701954
24.735104 46.701954
24.735104 46.701954
24.735104 46.701954
24.735104 46.701954
24.735125 46.702003
24.735125 46.702003
24.735125 46.702003
24.735125 46.702003
24.735125 46.702003
24.735125 46.702003
24.735147 46.702053
24.735147 46.702053
24.735147 46.702053
24.735147 46.702053
24.735147 46.702053
24.735147 46.702053
24.735172 46.702106
24.735172 46.702106
24.735172 46.702106
24.735172 46.702106
24.735172 46.702106
24.735172 46.702106
24.735172 46.702106
24.735195 46.702156
24.735195 46.702156
24.735195 46.702156
24.735195 46.702156
24.735195 46.702156
24.735195 46.702156
24.735220 46.702206
24.735220 46.702206
24.735220 46.702206
24.735220 46.702206
24.735220 46.702206
24.735220 46.702206
24.735220 46.702206
24.735243 46.702255
24.735243 46.702255
24.735243 46.702255
24.735243 46.702255
24.735243 46.702255
24.735243 46.702255
24.735268 46.702305
24.735268 46.702305
24.735268 46.702305
24.735268 46.702305
24.735268 46.702305
24.735268 46.702305
24.735291 46.702351
24.735291 46.702351
24.735291 46.702351
24.735291 46.702351
24.735291 46.702351
24.735291 46.702351
24.735291 46.702351
24.735313 46.702400
24.735313 46.702400
24.735313 46.702400
24.735313 46.702400
24.735313 46.702400
24.735313 46.702400
24.735334 46.702442
24.735334 46.702442
24.735334 46.702442
24.735334 46.702442
24.735334 46.702442
24.735334 46.702442
24.735352 46.702480
24.735352 46.702480
24.735352 46.702480
24.735352 46.702480
24.735352 46.702480
24.735352 46.702480
24.735352 46.702480
24.735367 46.702518
24.735367 46.702518
24.735367 46.702518
24.735367 46.702518
24.735367 46.702518
24.735367 46.702518
24.735380 46.702549
24.735380 46.702549
24.735380 46.702549
24.735380 46.702549
24.735380 46.702549
24.735380 46.702549
24.735394 46.702576
24.735394 46.702576
24.735394 46.702576
24.735394 46.702576
24.735394 46.702576
24.735394 46.702576
24.735394 46.702576
24.735405 46.702599
24.735405 46.702599
24.735405 46.702599
24.735405 46.702599
24.735405 46.702599
24.735405 46.702599
24.735411 46.702621
24.735411 46.702621
24.735411 46.702621
24.735411 46.702621
24.735411 46.702621
24.735411 46.702621
24.735411 46.702621
24.735411 46.702641
24.735411 46.702641
24.735411 46.702641
24.735411 46.702641
24.735411 46.702641
24.735411 46.702641
24.735407 46.702656
24.735407 46.702656
24.735407 46.702656
24.735407 46.702656
24.735407 46.702656
24.735407 46.702656
24.735399 46.702667
24.735399 46.702667
24.735399 46.702667
24.735399 46.702667
24.735399 46.702667
24.735399 46.702667
24.735399 46.702667
24.735392 46.702675
24.735392 46.702675
24.735392 46.702675
24.735392 46.702675
24.735392 46.702675
24.735392 46.702675
24.735382 46.702682
24.735382 46.702682
24.735382 46.702682
24.735382 46.702682
24.735382 46.702682
24.735382 46.702682
24.735371 46.702682
24.735371 46.702682
24.735371 46.702682
24.735371 46.702682
24.735371 46.702682
24.735371 46.702682
24.735371 46.702682
24.735359 46.702682
24.735359 46.702682
24.735359 46.702682
24.735359 46.702682
24.735359 46.702682
24.735359 46.702682
24.735350 46.702682
24.735350 46.702682
24.735350 46.702682
24.735350 46.702682
24.735350 46.702682
24.735350 46.702682
24.735350 46.702682
24.735340 46.702679
24.735340 46.702679
24.735340 46.702679
24.735340 46.702679
24.735340 46.702679
24.735340 46.702679
24.735332 46.702671
24.735332 46.702671
24.735332 46.702671
24.735332 46.702671
24.735332 46.702671
24.735332 46.702671
24.735325 46.702660
24.735325 46.702660
24.735325 46.702660
24.735325 46.702660
24.735325 46.702660
24.735325 46.702660
24.735325 46.702660
24.735319 46.702648
24.735319 46.702648
24.735319 46.702648
24.735319 46.702648
24.735319 46.702648
24.735319 46.702648
24.735313 46.702637
24.735313 46.702637
24.735313 46.702637
24.735313 46.702637
24.735313 46.702637
24.735313 46.702637
24.735310 46.702621
24.735310 46.702621
24.735310 46.702621
24.735310 46.702621
24.735310 46.702621
24.735310 46.702621
24.735310 46.702621
24.735308 46.702602
24.735308 46.702602
24.735308 46.702602
24.735308 46.702602
24.735308 46.702602
24.735308 46.702602
24.735304 46.702587
24.735304 46.702587
24.735304 46.702587
24.735304 46.702587
24.735304 46.702587
24.735304 46.702587
24.735304 46.702587
24.735302 46.702568
24.735302 46.702568
24.735302 46.702568
24.735302 46.702568
24.735302 46.702568
24.735302 46.702568
24.735298 46.702549
24.735298 46.702549
24.735298 46.702549
24.735298 46.702549
24.735298 46.702549
24.735298 46.702549
24.735296 46.702526
24.735296 46.702526
24.735296 46.702526
24.735296 46.702526
24.735296 46.702526
24.735296 46.702526
24.735296 46.702526
24.735291 46.702507
24.735291 46.702507
24.735291 46.702507
24.735291 46.702507
24.735291 46.702507
24.735291 46.702507
24.735287 46.702484
24.735287 46.702484
24.735287 46.702484
24.735287 46.702484
24.735287 46.702484
24.735287 46.702484
24.735281 46.702461
24.735281 46.702461
24.735281 46.702461
24.735281 46.702461
24.735281 46.702461
24.735281 46.702461
24.735281 46.702461
24.735275 46.702438
24.735275 46.702438
24.735275 46.702438
24.735275 46.702438
24.735275 46.702438
24.735275 46.702438
24.735270 46.702415
24.735270 46.702415
24.735270 46.702415
24.735270 46.702415
24.735270 46.702415
24.735270 46.702415
24.735270 46.702415
24.735264 46.702393
24.735264 46.702393
24.735264 46.702393
24.735264 46.702393
24.735264 46.702393
24.735264 46.702393
24.735256 46.702370
24.735256 46.702370
24.735256 46.702370
24.735256 46.702370
24.735256 46.702370
24.735256 46.702370
24.735247 46.702347
24.735247 46.702347
24.735247 46.702347
24.735247 46.702347
24.735247 46.702347
24.735247 46.702347
24.735247 46.702347
24.735239 46.702320
24.735239 46.702320
24.735239 46.702320
24.735239 46.702320
24.735239 46.702320
24.735239 46.702320
24.735233 46.702297
24.735233 46.702297
24.735233 46.702297
24.735233 46.702297
24.735233 46.702297
24.735233 46.702297
24.735228 46.702271
24.735228 46.702271
24.735228 46.702271
24.735228 46.702271
24.735228 46.702271
24.735228 46.702271
24.735228 46.702271
24.735222 46.702248
24.735222 46.702248
24.735222 46.702248
24.735222 46.702248
24.735222 46.702248
24.735222 46.702248
24.735214 46.702221
24.735214 46.702221
24.735214 46.702221
24.735214 46.702221
24.735214 46.702221
24.735214 46.702221
24.735214 46.702221
24.735207 46.702198
24.735207 46.702198
24.735207 46.702198
24.735207 46.702198
24.735207 46.702198
24.735207 46.702198
24.735195 46.702171
24.735195 46.702171
24.735195 46.702171
24.735195 46.702171
24.735195 46.702171
24.735195 46.702171
24.735184 46.702148
24.735184 46.702148
24.735184 46.702148
24.735184 46.702148
24.735184 46.702148
24.735184 46.702148
24.735184 46.702148
24.735172 46.702122
24.735172 46.702122
24.735172 46.702122
24.735172 46.702122
24.735172 46.702122
24.735172 46.702122
24.735161 46.702095
24.735161 46.702095
24.735161 46.702095
24.735161 46.702095
24.735161 46.702095
24.735161 46.702095
24.735149 46.702065
24.735149 46.702065
24.735149 46.702065
24.735149 46.702065
24.735149 46.702065
24.735149 46.702065
24.735149 46.702065
24.735136 46.702034
24.735136 46.702034
24.735136 46.702034
24.735136 46.702034
24.735136 46.702034
24.735136 46.702034
24.735123 46.702007
24.735123 46.702007
24.735123 46.702007
24.735123 46.702007
24.735123 46.702007
24.735123 46.702007
24.735123 46.702007
24.735109 46.701973
24.735109 46.701973
24.735109 46.701973
24.735109 46.701973
24.735109 46.701973
24.735109 46.701973
24.735096 46.701942
24.735096 46.701942
24.735096 46.701942
24.735096 46.701942
24.735096 46.701942
24.735096 46.701942
24.735083 46.701912
24.735083 46.701912
24.735083 46.701912
24.735083 46.701912
24.735083 46.701912
24.735083 46.701912
24.735083 46.701912
24.735069 46.701878
24.735069 46.701878
24.735069 46.701878
24.735069 46.701878
24.735069 46.701878
24.735069 46.701878
24.735054 46.701843
24.735054 46.701843
24.735054 46.701843
24.735054 46.701843
24.735054 46.701843
24.735054 46.701843
24.735039 46.701805
24.735039 46.701805
24.735039 46.701805
24.735039 46.701805
24.735039 46.701805
24.735039 46.701805
24.735039 46.701805
24.735023 46.701771
24.735023 46.701771
24.735023 46.701771
24.735023 46.701771
24.735023 46.701771
24.735023 46.701771
24.735008 46.701733
24.735008 46.701733
24.735008 46.701733
24.735008 46.701733
24.735008 46.701733
24.735008 46.701733
24.734993 46.701694
24.734993 46.701694
24.734993 46.701694
24.734993 46.701694
24.734993 46.701694
24.734993 46.701694
24.734993 46.701694
24.734976 46.701656
24.734976 46.701656
24.734976 46.701656
24.734976 46.701656
24.734976 46.701656
24.734976 46.701656
24.734959 46.701618
24.734959 46.701618
24.734959 46.701618
24.734959 46.701618
24.734959 46.701618
24.734959 46.701618
24.734959 46.701618
24.734941 46.701576
24.734941 46.701576
24.734941 46.701576
24.734941 46.701576
24.734941 46.701576
24.734941 46.701576
24.734924 46.701534
24.734924 46.701534
24.734924 46.701534
24.734924 46.701534
24.734924 46.701534
24.734924 46.701534
24.734905 46.701496
24.734905 46.701496
24.734905 46.701496
24.734905 46.701496
24.734905 46.701496
24.734905 46.701496
24.734905 46.701496
24.734886 46.701454
24.734886 46.701454
24.734886 46.701454
24.734886 46.701454
24.734886 46.701454
24.734886 46.701454
24.734869 46.701412
24.734869 46.701412
24.734869 46.701412
24.734869 46.701412
24.734869 46.701412
24.734869 46.701412
24.734850 46.701370
24.734850 46.701370
24.734850 46.701370
24.734850 46.701370
24.734850 46.701370
24.734850 46.701370
24.734850 46.701370
24.734831 46.701324
24.734831 46.701324
24.734831 46.701324
24.734831 46.701324
24.734831 46.701324
24.734831 46.701324
24.734812 46.701283
24.734812 46.701283
24.734812 46.701283
24.734812 46.701283
