1 24.735426 46.702805
63 24.735422 46.702805
69 24.735420 46.702797
75 24.735415 46.702789
82 24.735409 46.702774
88 24.735403 46.702755
94 24.735395 46.702736
101 24.735388 46.702713
107 24.735378 46.702690
114 24.735369 46.702667
120 24.735359 46.702641
126 24.735350 46.702610
133 24.735338 46.702583
139 24.735327 46.702553
145 24.735315 46.702522
152 24.735304 46.702488
158 24.735291 46.702454
165 24.735279 46.702419
171 24.735264 46.702385
177 24.735250 46.702347
184 24.735237 46.702309
190 24.735222 46.702267
196 24.735209 46.702225
203 24.735191 46.702187
209 24.735176 46.702145
216 24.735159 46.702103
222 24.735140 46.702061
228 24.735123 46.702015
235 24.735107 46.701969
241 24.735090 46.701923
247 24.735075 46.701878
254 24.735058 46.701832
260 24.735041 46.701782
267 24.735022 46.701736
273 24.735003 46.701687
279 24.734982 46.701641
286 24.734959 46.701591
292 24.734936 46.701542
298 24.734913 46.701492
305 24.734890 46.701443
311 24.734867 46.701389
318 24.734844 46.701336
324 24.734821 46.701283
330 24.734798 46.701225
337 24.734777 46.701172
343 24.734755 46.701115
349 24.734732 46.701057
356 24.734709 46.701004
362 24.734686 46.700947
368 24.734661 46.700893
375 24.734636 46.700836
381 24.734612 46.700779
388 24.734587 46.700722
394 24.734562 46.700665
400 24.734537 46.700603
407 24.734518 46.700546
413 24.734501 46.700493
419 24.734486 46.700439
426 24.734472 46.700394
432 24.734463 46.700352
439 24.734459 46.700314
445 24.734453 46.700279
451 24.734442 46.700249
458 24.734426 46.700230
464 24.734411 46.700222
470 24.734398 46.700222
477 24.734386 46.700226
483 24.734377 46.700233
489 24.734369 46.700245
496 24.734367 46.700256
502 24.734367 46.700272
509 24.734373 46.700287
515 24.734381 46.700306
521 24.734388 46.700329
528 24.734400 46.700352
534 24.734409 46.700378
540 24.734423 46.700409
547 24.734436 46.700439
553 24.734447 46.700470
560 24.734463 46.700504
566 24.734476 46.700539
572 24.734491 46.700573
579 24.734509 46.700607
585 24.734524 46.700645
591 24.734543 46.700684
598 24.734562 46.700722
604 24.734581 46.700760
610 24.734604 46.700798
617 24.734625 46.700836
623 24.734646 46.700874
630 24.734663 46.700912
636 24.734680 46.700954
642 24.734697 46.700996
649 24.734713 46.701038
655 24.734728 46.701084
661 24.734743 46.701126
668 24.734758 46.701168
674 24.734774 46.701214
681 24.734791 46.701256
687 24.734806 46.701302
693 24.734823 46.701344
700 24.734842 46.701389
706 24.734861 46.701431
712 24.734880 46.701477
719 24.734898 46.701523
725 24.734917 46.701569
732 24.734936 46.701614
738 24.734955 46.701660
744 24.734974 46.701706
751 24.734993 46.701756
757 24.735012 46.701801
763 24.735031 46.701851
770 24.735050 46.701904
776 24.735071 46.701954
783 24.735092 46.702007
789 24.735113 46.702061
795 24.735136 46.702118
802 24.735159 46.702175
808 24.735184 46.702236
814 24.735210 46.702297
821 24.735235 46.702358
827 24.735260 46.702419
834 24.735281 46.702473
840 24.735302 46.702526
846 24.735319 46.702576
853 24.735332 46.702621
859 24.735344 46.702667
865 24.735353 46.702705
872 24.735367 46.702736
878 24.735386 46.702759
884 24.735407 46.702766
891 24.735424 46.702763
897 24.735437 46.702755
904 24.735447 46.702740
910 24.735451 46.702724
916 24.735449 46.702705
923 24.735441 46.702686
929 24.735434 46.702663
935 24.735424 46.702641
942 24.735413 46.702614
948 24.735399 46.702583
955 24.735384 46.702553
961 24.735369 46.702518
967 24.735353 46.702484
974 24.735338 46.702450
980 24.735323 46.702415
986 24.735308 46.702377
993 24.735291 46.702339
999 24.735273 46.702301
1006 24.735254 46.702263
1012 24.735237 46.702225
1018 24.735218 46.702183
1025 24.735199 46.702145
1031 24.735180 46.702103
1037 24.735163 46.702061
1044 24.735142 46.702019
1050 24.735125 46.701977
1057 24.735106 46.701935
1063 24.735086 46.701893
1069 24.735067 46.701851
1076 24.735048 46.701805
1082 24.735031 46.701763
1089 24.735012 46.701717
1095 24.734991 46.701672
1101 24.734972 46.701626
1108 24.734951 46.701580
1114 24.734930 46.701530
1120 24.734907 46.701485
1127 24.734886 46.701435
1133 24.734863 46.701385
1139 24.734842 46.701336
1146 24.734821 46.701283
1152 24.734800 46.701233
1159 24.734777 46.701180
1165 24.734755 46.701130
1171 24.734734 46.701077
1178 24.734709 46.701023
1184 24.734686 46.700970
1191 24.734663 46.700916
1197 24.734640 46.700863
1203 24.734617 46.700809
1210 24.734594 46.700756
1216 24.734571 46.700703
1222 24.734549 46.700649
1229 24.734529 46.700600
1235 24.734510 46.700554
1241 24.734493 46.700512
1248 24.734480 46.700470
1254 24.734468 46.700436
1261 24.734461 46.700401
1267 24.734457 46.700367
1273 24.734455 46.700340
1280 24.734453 46.700317
1286 24.734451 46.700298
1292 24.734447 46.700275
1299 24.734438 46.700256
1305 24.734426 46.700241
1311 24.734411 46.700233
1318 24.734400 46.700233
1324 24.734388 46.700233
1331 24.734377 46.700233
1337 24.734365 46.700241
1343 24.734358 46.700249
1350 24.734352 46.700260
1356 24.734350 46.700272
1362 24.734352 46.700287
1369 24.734358 46.700302
1375 24.734365 46.700321
1382 24.734375 46.700340
1388 24.734386 46.700367
1394 24.734398 46.700390
1401 24.734411 46.700420
1407 24.734425 46.700447
1413 24.734438 46.700478
1420 24.734451 46.700508
1426 24.734463 46.700542
1433 24.734478 46.700573
1439 24.734491 46.700611
1445 24.734507 46.700645
1452 24.734522 46.700684
1458 24.734537 46.700718
1464 24.734554 46.700756
1471 24.734571 46.700794
1477 24.734591 46.700832
1483 24.734610 46.700871
1490 24.734629 46.700909
1496 24.734648 46.700947
1503 24.734669 46.700985
1509 24.734688 46.701027
1515 24.734709 46.701065
1522 24.734728 46.701107
1528 24.734749 46.701145
1534 24.734770 46.701187
1541 24.734789 46.701229
1547 24.734810 46.701271
1554 24.734829 46.701317
1560 24.734850 46.701359
1566 24.734869 46.701405
1573 24.734888 46.701450
1579 24.734909 46.701496
1586 24.734928 46.701542
1592 24.734949 46.701591
1598 24.734970 46.701637
1605 24.734993 46.701687
1611 24.735014 46.701736
1617 24.735035 46.701786
1624 24.735054 46.701839
1630 24.735075 46.701893
1636 24.735096 46.701946
1643 24.735119 46.702000
1649 24.735142 46.702053
1656 24.735165 46.702110
1662 24.735189 46.702168
1668 24.735212 46.702221
1675 24.735237 46.702278
1681 24.735262 46.702335
1687 24.735287 46.702389
1694 24.735313 46.702435
1700 24.735338 46.702480
1707 24.735359 46.702518
1713 24.735380 46.702553
1719 24.735399 46.702587
1726 24.735416 46.702614
1732 24.735424 46.702641
1738 24.735422 46.702667
1745 24.735415 46.702686
1751 24.735403 46.702702
1757 24.735388 46.702705
1764 24.735374 46.702709
1770 24.735361 46.702705
1777 24.735350 46.702698
1783 24.735338 46.702686
1789 24.735331 46.702667
1796 24.735325 46.702644
1802 24.735321 46.702618
1808 24.735317 46.702591
1815 24.735312 46.702560
1821 24.735308 46.702530
1828 24.735300 46.702499
1834 24.735292 46.702465
1840 24.735285 46.702431
1847 24.735273 46.702393
1853 24.735262 46.702354
1859 24.735252 46.702316
1866 24.735241 46.702274
1872 24.735228 46.702236
1879 24.735214 46.702194
1885 24.735199 46.702156
1891 24.735184 46.702118
1898 24.735167 46.702076
1904 24.735149 46.702038
1910 24.735130 46.702000
1917 24.735111 46.701958
1923 24.735094 46.701920
1930 24.735077 46.701878
1936 24.735058 46.701836
1942 24.735041 46.701794
1949 24.735023 46.701748
1955 24.735004 46.701706
1961 24.734985 46.701660
1968 24.734964 46.701614
1974 24.734945 46.701569
1981 24.734924 46.701523
1987 24.734903 46.701477
1993 24.734882 46.701427
2000 24.734859 46.701382
2006 24.734838 46.701332
2012 24.734818 46.701283
2019 24.734795 46.701229
2025 24.734774 46.701180
2032 24.734751 46.701126
2038 24.734730 46.701077
2044 24.734707 46.701023
2051 24.734686 46.700970
2057 24.734663 46.700916
2063 24.734640 46.700863
2070 24.734617 46.700813
2076 24.734596 46.700760
2083 24.734573 46.700706
2089 24.734549 46.700649
2095 24.734528 46.700596
2102 24.734509 46.700546
2108 24.734491 46.700500
2114 24.734478 46.700459
2121 24.734468 46.700417
2127 24.734463 46.700378
2133 24.734459 46.700344
2140 24.734455 46.700314
2146 24.734451 46.700287
2153 24.734446 46.700264
2159 24.734438 46.700249
2165 24.734425 46.700237
2172 24.734411 46.700230
2178 24.734400 46.700226
2184 24.734386 46.700230
2191 24.734373 46.700233
2197 24.734362 46.700241
2204 24.734354 46.700253
2210 24.734350 46.700268
2216 24.734352 46.700283
2223 24.734356 46.700298
2229 24.734362 46.700314
2235 24.734369 46.700329
2242 24.734379 46.700344
2248 24.734388 46.700363
2254 24.734400 46.700382
2261 24.734411 46.700405
2267 24.734425 46.700428
2274 24.734438 46.700451
2280 24.734451 46.700478
2286 24.734465 46.700504
2293 24.734480 46.700531
2299 24.734495 46.700562
2305 24.734510 46.700592
2312 24.734526 46.700623
2318 24.734541 46.700657
2325 24.734558 46.700687
2331 24.734575 46.700722
2337 24.734591 46.700760
2344 24.734608 46.700794
2350 24.734625 46.700832
2356 24.734644 46.700871
2363 24.734661 46.700909
2369 24.734678 46.700951
2376 24.734695 46.700989
2382 24.734713 46.701027
2388 24.734730 46.701065
2395 24.734747 46.701107
2401 24.734762 46.701149
2407 24.734779 46.701187
2414 24.734795 46.701229
2420 24.734814 46.701271
2427 24.734831 46.701313
2433 24.734848 46.701355
2439 24.734865 46.701397
2446 24.734884 46.701439
2452 24.734903 46.701481
2458 24.734922 46.701523
2465 24.734941 46.701569
2471 24.734961 46.701611
2478 24.734980 46.701656
2484 24.734999 46.701698
2490 24.735018 46.701744
2497 24.735037 46.701790
2503 24.735058 46.701836
2509 24.735077 46.701881
2516 24.735094 46.701931
2522 24.735115 46.701977
2529 24.735138 46.702026
2535 24.735163 46.702072
2541 24.735186 46.702122
2548 24.735209 46.702168
2554 24.735233 46.702217
2560 24.735258 46.702267
2567 24.735281 46.702316
2573 24.735306 46.702370
2580 24.735329 46.702415
2586 24.735350 46.702461
2592 24.735369 46.702499
2599 24.735388 46.702538
2605 24.735401 46.702572
2611 24.735409 46.702602
2618 24.735409 46.702633
2624 24.735399 46.702656
2630 24.735384 46.702671
2637 24.735367 46.702675
2643 24.735352 46.702671
2650 24.735340 46.702663
2656 24.735332 46.702656
2662 24.735327 46.702644
2669 24.735321 46.702633
2675 24.735317 46.702618
2681 24.735312 46.702602
2688 24.735308 46.702583
2694 24.735302 46.702564
2701 24.735298 46.702541
2707 24.735294 46.702518
2713 24.735291 46.702492
2720 24.735285 46.702469
2726 24.735281 46.702442
2732 24.735275 46.702412
2739 24.735270 46.702381
2745 24.735260 46.702351
2752 24.735252 46.702320
2758 24.735241 46.702286
2764 24.735229 46.702255
2771 24.735218 46.702221
2777 24.735205 46.702187
2784 24.735189 46.702152
2790 24.735174 46.702118
2796 24.735159 46.702080
2803 24.735144 46.702045
2809 24.735128 46.702007
2815 24.735113 46.701969
2822 24.735098 46.701931
2828 24.735083 46.701893
2835 24.735065 46.701855
2841 24.735050 46.701813
2847 24.735033 46.701775
2854 24.735018 46.701736
2860 24.735001 46.701694
2866 24.734982 46.701656
2873 24.734964 46.701614
2879 24.734945 46.701572
2886 24.734926 46.701527
2892 24.734909 46.701485
2898 24.734890 46.701443
2905 24.734871 46.701397
2911 24.734850 46.701351
2917 24.734831 46.701309
2924 24.734812 46.701260
2930 24.734791 46.701214
2936 24.734772 46.701168
2943 24.734751 46.701118
2949 24.734730 46.701073
2956 24.734711 46.701023
2962 24.734690 46.700977
2968 24.734669 46.700928
2975 24.734648 46.700878
2981 24.734627 46.700829
2988 24.734606 46.700779
2994 24.734585 46.700729
3000 24.734564 46.700676
3007 24.734543 46.700626
3013 24.734522 46.700573
3019 24.734503 46.700523
3026 24.734488 46.700474
3032 24.734476 46.700428
3038 24.734468 46.700386
3045 24.734463 46.700348
3051 24.734455 46.700314
3057 24.734449 46.700283
3064 24.734442 46.700260
3070 24.734430 46.700245
3077 24.734417 46.700233
3083 24.734406 46.700226
3089 24.734394 46.700222
3096 24.734383 46.700222
3102 24.734371 46.700222
3108 24.734360 46.700226
3115 24.734352 46.700230
3121 24.734344 46.700237
3128 24.734339 46.700249
3134 24.734337 46.700256
3140 24.734337 46.700268
3147 24.734339 46.700279
3153 24.734343 46.700287
3159 24.734348 46.700294
3166 24.734354 46.700302
3172 24.734360 46.700314
3179 24.734367 46.700325
3185 24.734373 46.700344
3191 24.734381 46.700359
3198 24.734390 46.700378
3204 24.734400 46.700397
3210 24.734411 46.700420
3217 24.734423 46.700443
3223 24.734436 46.700466
3229 24.734447 46.700493
3236 24.734463 46.700520
3242 24.734476 46.700546
3249 24.734493 46.700573
3255 24.734509 46.700603
3261 24.734526 46.700634
3268 24.734545 46.700665
3274 24.734562 46.700699
3280 24.734581 46.700733
3287 24.734598 46.700768
3293 24.734617 46.700806
3300 24.734634 46.700844
3306 24.734652 46.700886
3312 24.734669 46.700924
3319 24.734686 46.700962
3325 24.734701 46.701000
3331 24.734718 46.701042
3338 24.734734 46.701080
3344 24.734751 46.701122
3351 24.734766 46.701164
3357 24.734781 46.701202
3363 24.734797 46.701244
3370 24.734812 46.701286
3376 24.734829 46.701328
3382 24.734844 46.701370
3389 24.734861 46.701412
3395 24.734879 46.701454
3402 24.734898 46.701496
3408 24.734917 46.701538
3414 24.734936 46.701580
3421 24.734955 46.701626
3427 24.734974 46.701668
3433 24.734995 46.701714
3440 24.735018 46.701759
3446 24.735039 46.701805
3453 24.735060 46.701855
3459 24.735083 46.701904
3465 24.735104 46.701954
3472 24.735125 46.702003
3478 24.735147 46.702053
3484 24.735172 46.702106
3491 24.735195 46.702156
3497 24.735220 46.702206
3504 24.735243 46.702255
3510 24.735268 46.702305
3516 24.735291 46.702351
3523 24.735313 46.702400
3529 24.735334 46.702442
3535 24.735352 46.702480
3542 24.735367 46.702518
3548 24.735380 46.702549
3554 24.735394 46.702576
3561 24.735405 46.702599
3567 24.735411 46.702621
3574 24.735411 46.702641
3580 24.735407 46.702656
3586 24.735399 46.702667
3593 24.735392 46.702675
3599 24.735382 46.702682
3605 24.735371 46.702682
3612 24.735359 46.702682
3618 24.735350 46.702682
3625 24.735340 46.702679
3631 24.735332 46.702671
3637 24.735325 46.702660
3644 24.735319 46.702648
3650 24.735313 46.702637
3656 24.735310 46.702621
3663 24.735308 46.702602
3669 24.735304 46.702587
3676 24.735302 46.702568
3682 24.735298 46.702549
3688 24.735296 46.702526
3695 24.735291 46.702507
3701 24.735287 46.702484
3707 24.735281 46.702461
3714 24.735275 46.702438
3720 24.735270 46.702415
3727 24.735264 46.702393
3733 24.735256 46.702370
3739 24.735247 46.702347
3746 24.735239 46.702320
3752 24.735233 46.702297
3758 24.735228 46.702271
3765 24.735222 46.702248
3771 24.735214 46.702221
3778 24.735207 46.702198
3784 24.735195 46.702171
3790 24.735184 46.702148
3797 24.735172 46.702122
3803 24.735161 46.702095
3809 24.735149 46.702065
3816 24.735136 46.702034
3822 24.735123 46.702007
3829 24.735109 46.701973
3835 24.735096 46.701942
3841 24.735083 46.701912
3848 24.735069 46.701878
3854 24.735054 46.701843
3860 24.735039 46.701805
3867 24.735023 46.701771
3873 24.735008 46.701733
3879 24.734993 46.701694
3886 24.734976 46.701656
3892 24.734959 46.701618
3899 24.734941 46.701576
3905 24.734924 46.701534
3911 24.734905 46.701496
3918 24.734886 46.701454
3924 24.734869 46.701412
3930 24.734850 46.701370
3937 24.734831 46.701324
3943 24.734812 46.701283
Total unique positions: 611
