// Total coordinates: 24540
// Sampling every 446 points

outline: [
    [24.734491, 46.699482],
    [24.734976, 46.699299],
    [24.735035, 46.698906],
    [24.734352, 46.699581],
    [24.734829, 46.698566],
    [24.736181, 46.701920],
    [24.736074, 46.702541],
    [24.735340, 46.702072],
    [24.736235, 46.702003],
    [24.735580, 46.702587],
    [24.736149, 46.701733],
    [24.735542, 46.702503],
    [24.736113, 46.701668],
    [24.735554, 46.702549],
    [24.736176, 46.701851],
    [24.735485, 46.702423],
    [24.736198, 46.701954],
    [24.735361, 46.702160],
    [24.736259, 46.702423],
    [24.735504, 46.701641],
    [24.735775, 46.702690],
    [24.736095, 46.701691],
    [24.735548, 46.702576],
    [24.736128, 46.701759],
    [24.735497, 46.702461],
    [24.736256, 46.702038],
    [24.735365, 46.702152],
    [24.736259, 46.702099],
    [24.735331, 46.702076],
    [24.736324, 46.702267],
    [24.734556, 46.699169],
    [24.734449, 46.698700],
    [24.734726, 46.698566],
    [24.734800, 46.698586],
    [24.734789, 46.698586],
    [24.734575, 46.698601],
    [24.734695, 46.698547],
    [24.734734, 46.698570],
    [24.735006, 46.698666],
    [24.735050, 46.698780],
    [24.734755, 46.698986],
    [24.734665, 46.699009],
    [24.734709, 46.699043],
    [24.734896, 46.699013],
    [24.734995, 46.698818],
    [24.734726, 46.698593],
    [24.734289, 46.698997],
    [24.734661, 46.700893],
    [24.735210, 46.702297],
    [24.734461, 46.700401],
    [24.735359, 46.702518],
    [24.734446, 46.700264],
    [24.735388, 46.702538],
    [24.734463, 46.700348],
    [24.735195, 46.702156],
]

// Center point:
center: [24.735233, 46.700766]
