// Total coordinates: 47660
// Sampling every 866 points

outline: [
    [24.734491, 46.699482],
    [24.734978, 46.698631],
    [24.734440, 46.698841],
    [24.736158, 46.701912],
    [24.735395, 46.701721],
    [24.735489, 46.702347],
    [24.735596, 46.702637],
    [24.735703, 46.702702],
    [24.735912, 46.702621],
    [24.735762, 46.702694],
    [24.735592, 46.702671],
    [24.735489, 46.702450],
    [24.735600, 46.702652],
    [24.735588, 46.702656],
    [24.735754, 46.702682],
    [24.736139, 46.702499],
    [24.734350, 46.698856],
    [24.734751, 46.698570],
    [24.734735, 46.698559],
    [24.734987, 46.698830],
    [24.734715, 46.699043],
    [24.735058, 46.698318],
    [24.734913, 46.698399],
    [24.734383, 46.698757],
    [24.735237, 46.702309],
    [24.735125, 46.701977],
    [24.735111, 46.701958],
    [24.735189, 46.702152],
    [24.735313, 46.702637],
    [51.449500333, 16.9],
    [51.448345467, 29.5],
    [51.452672517, 25.5],
    [51.4597087, 32.8],
    [51.45484975, 34.6],
    [51.450813417, 30.2],
    [51.448874817, 21.3],
    [51.449229283, 25.7],
    [51.452024283, 9.2],
    [51.455622883, 20.8],
    [51.459937683, 22.5],
    [51.45460365, 39.4],
    [51.450265867, 9.1],
    [51.450084283, 1.0],
    [51.447925417, 24.9],
    [51.451298433, 18.5],
    [51.4573324, 33.9],
    [51.45676935, 31.8],
    [51.4520708, 31.1],
    [51.449614817, 16.7],
    [51.447611633, 22.3],
    [51.45174585, 1.0],
    [51.45386005, 21.8],
    [51.459053267, 23.6],
    [51.45657315, 35.1],
    [51.451203783, 38.6],
]

// Center point:
center: [37.689480, 35.113701]
